204 796
0 1
0 2
0 3
0 4
0 5
0 6
0 7
0 8
0 9
0 10
0 11
0 12
0 13
0 14
0 15
0 16
0 17
0 18
0 19
0 20
0 21
0 22
0 23
0 24
0 25
0 26
0 27
0 28
0 29
0 30
0 31
0 32
0 33
0 34
0 35
0 36
0 37
0 38
0 39
0 40
0 41
0 42
0 43
0 44
0 45
0 46
0 47
0 48
0 49
0 50
0 51
0 52
0 53
0 54
0 55
0 56
0 57
0 58
0 59
0 60
0 61
0 62
0 63
0 64
0 65
0 66
0 67
0 68
0 69
0 70
0 71
0 72
0 73
0 74
0 75
0 76
0 77
0 78
0 79
0 80
0 81
0 82
0 83
0 84
0 85
0 86
0 87
0 88
0 89
0 90
0 91
0 92
0 93
0 94
0 95
0 96
0 97
0 98
0 99
0 100
0 101
0 102
0 103
0 104
0 105
0 106
0 107
0 108
0 109
0 110
0 111
0 112
0 113
0 114
0 115
0 116
0 117
0 118
0 119
0 120
0 121
0 122
0 123
0 124
0 125
0 126
0 127
0 128
0 129
0 130
0 131
0 132
0 133
0 134
0 135
0 136
0 137
0 138
0 139
0 140
0 141
0 142
0 143
0 144
0 145
0 146
0 147
0 148
0 149
0 150
0 151
0 152
0 153
0 154
0 155
0 156
0 157
0 158
0 159
0 160
0 161
0 162
0 163
0 164
0 165
0 166
0 167
0 168
0 169
0 170
0 171
0 172
0 173
0 174
0 175
0 176
0 177
0 178
0 179
0 180
0 181
0 182
0 183
0 184
0 185
0 186
0 187
0 188
0 189
0 190
0 191
0 192
0 193
0 194
0 195
0 196
0 197
0 198
0 199
1 31
1 113
1 139
1 170
1 171
2 54
2 65
2 71
2 92
2 101
2 145
3 82
3 122
3 136
3 187
3 195
4 34
4 72
4 139
4 165
4 186
5 58
5 126
6 22
6 80
6 144
6 192
7 13
7 17
7 28
7 30
7 49
7 53
7 109
7 184
8 38
8 88
8 111
8 121
8 138
8 142
8 159
9 10
9 13
9 41
9 57
9 61
9 114
9 149
9 167
9 179
10 12
10 20
10 26
10 49
10 167
10 187
11 31
11 56
11 64
11 72
11 90
11 120
11 128
12 17
12 56
12 75
12 96
12 104
12 134
12 135
12 157
12 174
12 186
13 32
13 33
13 72
13 113
13 126
13 132
13 147
13 181
14 37
14 70
14 72
14 117
14 144
14 184
15 21
15 37
15 157
15 165
15 193
15 196
16 91
16 137
17 24
17 25
17 56
17 80
17 105
17 160
17 167
17 187
18 61
18 70
18 99
18 191
18 196
18 197
19 78
19 95
19 157
19 174
20 21
20 27
20 66
20 84
20 158
20 160
21 37
21 119
22 52
22 85
22 99
22 100
22 118
22 159
23 124
23 143
23 156
23 158
23 194
24 42
24 77
24 103
24 105
25 85
25 124
25 154
26 47
26 90
26 96
26 99
26 103
27 76
27 80
27 103
27 119
27 124
27 131
27 189
28 126
29 89
29 160
30 45
30 92
30 117
30 119
30 145
30 146
30 159
30 198
31 65
31 105
31 117
31 137
31 158
32 53
32 147
33 37
33 115
33 139
33 167
33 174
34 70
34 101
34 110
34 111
34 128
34 132
34 169
34 190
35 49
35 53
35 68
35 79
35 85
35 144
35 170
35 177
36 46
36 93
36 102
36 151
37 68
37 73
37 148
37 151
37 169
37 178
37 193
38 42
38 44
38 63
39 128
39 139
39 168
40 53
40 76
40 79
40 103
40 126
40 132
40 142
41 117
41 123
41 159
41 180
41 192
42 80
42 121
42 134
42 146
42 173
42 197
43 49
43 53
43 161
43 172
44 60
44 105
44 111
44 117
44 136
44 158
45 60
45 70
45 141
45 162
45 183
46 57
46 100
46 187
47 85
47 86
47 124
47 156
48 56
48 68
48 90
48 128
48 131
49 117
49 133
49 175
49 186
49 194
49 195
50 99
50 154
50 161
50 168
50 172
50 175
51 54
51 79
51 95
51 96
51 124
51 141
51 150
51 177
51 195
52 58
52 140
53 62
53 64
53 129
53 130
53 151
54 79
54 125
54 131
54 159
54 161
54 162
54 188
54 194
55 60
55 114
55 137
55 176
55 183
56 60
56 132
56 175
57 75
57 76
57 95
57 98
58 148
58 151
59 67
59 74
59 147
59 173
60 67
60 71
60 74
60 88
60 90
60 107
60 112
60 116
60 144
61 136
61 142
61 147
61 154
62 88
62 104
62 141
62 152
62 155
62 186
63 73
63 106
63 121
63 128
63 140
63 166
63 175
64 92
64 117
64 125
64 198
65 145
65 186
65 190
65 192
66 115
66 118
66 128
66 154
66 165
66 193
67 104
67 115
67 135
67 151
68 124
68 128
68 179
69 70
69 103
69 119
70 95
70 102
70 103
70 161
70 163
70 178
71 80
71 91
71 97
71 103
71 127
72 82
72 120
72 147
72 169
73 185
74 100
74 120
75 158
77 86
77 118
77 143
77 149
78 174
78 186
79 152
79 158
79 168
79 186
80 96
80 98
80 110
80 143
80 147
81 99
81 138
81 196
82 150
82 152
82 159
82 171
83 117
84 136
84 177
85 93
85 103
85 149
85 153
86 124
86 149
86 163
87 146
87 161
88 96
88 141
88 191
89 91
89 93
89 140
89 186
89 188
89 191
90 147
90 163
90 178
91 103
91 129
91 142
91 164
91 174
92 143
92 184
92 192
92 194
93 109
93 149
93 153
93 182
93 186
93 189
94 112
94 161
95 145
95 161
95 187
96 128
97 107
97 128
97 136
97 171
98 183
98 184
99 181
100 102
100 120
100 127
100 146
100 164
101 129
101 167
102 116
102 131
102 175
103 158
103 167
105 157
105 197
107 148
107 151
107 156
108 181
109 144
109 156
109 173
109 185
111 127
113 175
114 151
114 158
115 153
115 177
116 123
116 140
116 141
117 133
117 164
118 199
119 120
119 147
120 151
120 180
120 195
121 196
122 135
122 180
123 150
124 157
125 144
125 193
126 133
127 156
127 173
127 197
128 129
129 168
130 136
130 140
130 160
130 177
131 145
132 198
133 138
133 177
133 199
134 140
134 142
134 154
134 184
135 136
135 144
135 192
136 156
136 163
137 153
138 190
139 161
139 191
140 161
140 169
141 163
141 166
141 190
141 193
141 197
142 146
143 149
143 168
143 183
143 193
144 148
144 167
145 153
145 188
146 153
146 155
146 166
146 175
147 148
147 159
147 168
148 149
148 198
149 150
149 182
149 197
150 165
150 177
150 183
150 188
151 173
152 196
153 161
154 172
155 174
156 157
156 160
156 161
158 188
159 177
160 184
160 185
162 163
162 187
165 189
165 194
166 191
167 193
168 175
168 194
170 174
173 178
181 184
181 187
181 198
182 191
185 197
187 192
188 192
188 197
194 199
200 86
200 201
200 202
200 203
201 157
201 202
201 203
202 131
202 203
203 145
