611 2421
0 1
0 2
0 3
0 4
0 5
0 6
0 7
0 8
0 9
0 10
0 11
0 12
0 13
0 14
0 15
0 16
0 17
0 18
0 19
0 20
0 21
0 22
0 23
0 24
0 25
0 26
0 27
0 28
0 29
0 30
0 31
0 32
0 33
0 34
0 35
0 36
0 37
0 38
0 39
0 40
0 41
0 42
0 43
0 44
0 45
0 46
0 47
0 48
0 49
0 50
0 51
0 52
0 53
0 54
0 55
0 56
0 57
0 58
0 59
0 60
0 61
0 62
0 63
0 64
0 65
0 66
0 67
0 68
0 69
0 70
0 71
0 72
0 73
0 74
0 75
0 76
0 77
0 78
0 79
0 80
0 81
0 82
0 83
0 84
0 85
0 86
0 87
0 88
0 89
0 90
0 91
0 92
0 93
0 94
0 95
0 96
0 97
0 98
0 99
0 100
0 101
0 102
0 103
0 104
0 105
0 106
0 107
0 108
0 109
0 110
0 111
0 112
0 113
0 114
0 115
0 116
0 117
0 118
0 119
0 120
0 121
0 122
0 123
0 124
0 125
0 126
0 127
0 128
0 129
0 130
0 131
0 132
0 133
0 134
0 135
0 136
0 137
0 138
0 139
0 140
0 141
0 142
0 143
0 144
0 145
0 146
0 147
0 148
0 149
0 150
0 151
0 152
0 153
0 154
0 155
0 156
0 157
0 158
0 159
0 160
0 161
0 162
0 163
0 164
0 165
0 166
0 167
0 168
0 169
0 170
0 171
0 172
0 173
0 174
0 175
0 176
0 177
0 178
0 179
0 180
0 181
0 182
0 183
0 184
0 185
0 186
0 187
0 188
0 189
0 190
0 191
0 192
0 193
0 194
0 195
0 196
0 197
0 198
0 199
0 200
0 201
0 202
0 203
0 204
0 205
0 206
0 207
0 208
0 209
0 210
0 211
0 212
0 213
0 214
0 215
0 216
0 217
0 218
0 219
0 220
0 221
0 222
0 223
0 224
0 225
0 226
0 227
0 228
0 229
0 230
0 231
0 232
0 233
0 234
0 235
0 236
0 237
0 238
0 239
0 240
0 241
0 242
0 243
0 244
0 245
0 246
0 247
0 248
0 249
0 250
0 251
0 252
0 253
0 254
0 255
0 256
0 257
0 258
0 259
0 260
0 261
0 262
0 263
0 264
0 265
0 266
0 267
0 268
0 269
0 270
0 271
0 272
0 273
0 274
0 275
0 276
0 277
0 278
0 279
0 280
0 281
0 282
0 283
0 284
0 285
0 286
0 287
0 288
0 289
0 290
0 291
0 292
0 293
0 294
0 295
0 296
0 297
0 298
0 299
0 300
0 301
0 302
0 303
0 304
0 305
0 306
0 307
0 308
0 309
0 310
0 311
0 312
0 313
0 314
0 315
0 316
0 317
0 318
0 319
0 320
0 321
0 322
0 323
0 324
0 325
0 326
0 327
0 328
0 329
0 330
0 331
0 332
0 333
0 334
0 335
0 336
0 337
0 338
0 339
0 340
0 341
0 342
0 343
0 344
0 345
0 346
0 347
0 348
0 349
0 350
0 351
0 352
0 353
0 354
0 355
0 356
0 357
0 358
0 359
0 360
0 361
0 362
0 363
0 364
0 365
0 366
0 367
0 368
0 369
0 370
0 371
0 372
0 373
0 374
0 375
0 376
0 377
0 378
0 379
0 380
0 381
0 382
0 383
0 384
0 385
0 386
0 387
0 388
0 389
0 390
0 391
0 392
0 393
0 394
0 395
0 396
0 397
0 398
0 399
0 400
0 401
0 402
0 403
0 404
0 405
0 406
0 407
0 408
0 409
0 410
0 411
0 412
0 413
0 414
0 415
0 416
0 417
0 418
0 419
0 420
0 421
0 422
0 423
0 424
0 425
0 426
0 427
0 428
0 429
0 430
0 431
0 432
0 433
0 434
0 435
0 436
0 437
0 438
0 439
0 440
0 441
0 442
0 443
0 444
0 445
0 446
0 447
0 448
0 449
0 450
0 451
0 452
0 453
0 454
0 455
0 456
0 457
0 458
0 459
0 460
0 461
0 462
0 463
0 464
0 465
0 466
0 467
0 468
0 469
0 470
0 471
0 472
0 473
0 474
0 475
0 476
0 477
0 478
0 479
0 480
0 481
0 482
0 483
0 484
0 485
0 486
0 487
0 488
0 489
0 490
0 491
0 492
0 493
0 494
0 495
0 496
0 497
0 498
0 499
0 500
0 501
0 502
0 503
0 504
0 505
0 506
0 507
0 508
0 509
0 510
0 511
0 512
0 513
0 514
0 515
0 516
0 517
0 518
0 519
0 520
0 521
0 522
0 523
0 524
0 525
0 526
0 527
0 528
0 529
0 530
0 531
0 532
0 533
0 534
0 535
0 536
0 537
0 538
0 539
0 540
0 541
0 542
0 543
0 544
0 545
0 546
0 547
0 548
0 549
0 550
0 551
0 552
0 553
0 554
0 555
0 556
0 557
0 558
0 559
0 560
0 561
0 562
0 563
0 564
0 565
0 566
0 567
0 568
0 569
0 570
0 571
0 572
0 573
0 574
0 575
0 576
0 577
0 578
0 579
0 580
0 581
0 582
0 583
0 584
0 585
0 586
0 587
0 588
0 589
0 590
0 591
0 592
0 593
0 594
0 595
0 596
0 597
0 598
0 599
0 600
0 601
0 602
0 603
0 604
0 605
0 606
1 29
1 31
1 51
1 85
1 348
1 368
1 474
1 500
1 513
1 600
2 121
2 137
2 228
2 281
2 292
2 314
2 363
2 446
3 11
3 217
3 300
3 353
3 437
3 451
3 562
4 112
4 201
4 204
4 308
5 10
5 73
5 171
5 210
5 282
5 285
5 374
6 118
6 153
6 155
6 315
6 386
7 39
7 77
7 105
7 163
7 200
7 278
7 301
7 347
7 348
7 361
8 62
8 84
8 573
9 336
9 344
9 381
9 383
9 471
9 588
9 597
9 600
10 63
10 121
10 494
11 27
11 49
11 373
11 570
12 303
12 564
13 19
13 98
13 164
13 173
13 317
13 538
14 78
14 371
14 440
14 446
14 468
14 603
15 309
15 573
16 83
16 145
16 267
16 424
16 438
16 485
16 540
16 599
17 49
17 144
17 189
17 221
17 274
17 435
17 588
18 74
18 89
18 218
18 372
18 426
18 524
18 544
18 581
18 603
19 32
19 102
19 255
19 453
20 68
20 75
20 315
21 179
21 372
21 535
22 40
22 47
22 96
22 292
22 419
23 190
23 238
23 248
23 350
23 433
24 94
24 118
24 222
24 410
24 411
24 425
24 572
24 600
25 28
25 311
25 337
25 345
25 517
26 140
26 215
26 362
26 406
26 451
26 562
27 119
27 183
27 265
27 519
28 40
28 44
28 197
28 251
28 292
28 476
28 519
28 525
29 166
29 298
29 303
29 351
29 366
29 413
29 480
30 88
30 127
30 146
30 407
31 68
31 120
31 322
31 365
31 443
32 33
32 222
32 279
32 299
32 301
32 378
32 484
32 565
33 115
33 336
33 473
33 503
33 527
33 592
34 70
34 359
34 539
35 41
35 258
35 327
35 447
35 451
36 50
36 103
36 200
36 271
36 303
37 162
37 247
37 443
37 461
37 551
37 595
38 121
38 160
38 183
38 228
38 294
38 336
38 508
39 329
39 570
40 44
40 125
40 329
40 362
41 207
42 198
42 202
42 297
42 336
42 402
43 44
43 178
43 356
43 410
43 450
43 543
44 193
44 255
44 270
44 398
44 548
45 90
45 192
45 206
45 387
45 466
45 490
45 606
46 73
46 90
47 188
47 259
47 262
47 361
47 407
47 427
47 597
48 143
48 278
48 280
48 307
48 389
48 503
48 511
48 539
49 149
49 164
49 459
50 63
50 113
50 162
50 276
50 291
50 317
50 442
50 453
51 174
51 417
51 594
51 599
52 455
52 533
52 592
53 81
53 333
53 435
53 532
54 110
54 143
54 155
54 177
54 253
54 271
54 514
54 517
54 527
54 543
54 604
55 148
55 388
55 454
55 466
55 498
55 579
56 66
56 169
56 244
56 284
56 287
56 354
56 359
56 469
56 519
57 253
58 104
58 154
58 317
58 442
58 538
58 588
59 118
59 160
59 223
59 265
59 267
59 328
59 582
60 262
60 286
60 352
60 412
60 445
60 586
60 600
61 147
61 165
61 270
61 499
62 108
62 142
63 177
63 228
63 289
63 313
63 330
63 405
63 420
63 548
64 179
64 271
64 581
64 591
65 126
65 212
65 331
65 443
65 547
65 548
66 85
66 120
66 185
66 195
66 196
66 539
66 572
66 577
66 601
67 82
67 150
67 201
67 215
67 392
67 450
67 492
67 502
68 115
68 252
68 311
68 366
68 445
68 484
68 561
69 227
69 343
70 300
70 496
71 444
72 96
72 143
72 175
72 243
73 151
73 169
73 208
73 297
73 388
73 426
73 599
74 105
74 135
74 329
74 465
74 473
74 586
74 604
75 152
75 215
75 429
75 492
75 600
76 82
76 246
76 378
76 539
76 540
76 579
77 242
77 447
77 450
77 485
77 524
77 531
78 81
78 218
78 474
79 121
79 139
79 163
79 357
79 545
81 146
81 176
81 287
81 308
81 325
82 120
82 158
82 205
82 243
82 402
82 454
82 554
82 572
82 599
83 150
83 333
83 376
83 558
83 592
84 109
84 335
84 338
84 366
84 494
85 153
85 295
85 306
85 416
86 484
87 103
87 175
87 202
87 357
87 436
88 423
88 457
88 473
89 110
89 130
89 268
89 390
89 422
89 426
89 439
90 473
90 594
91 484
92 220
92 467
93 203
93 381
93 547
93 594
94 118
94 127
94 155
94 321
94 494
94 603
95 142
95 336
95 350
95 381
95 581
96 172
96 223
96 340
96 500
96 594
97 402
97 474
97 512
97 544
98 349
98 474
98 568
98 575
98 602
99 121
99 137
99 149
99 280
99 292
99 321
99 344
99 422
99 508
99 570
100 181
100 256
100 363
100 502
100 522
100 539
101 112
101 217
101 310
101 460
102 134
102 229
102 262
102 265
102 325
102 461
102 479
102 585
103 135
103 215
103 315
103 342
103 466
103 556
104 163
104 251
104 397
104 516
104 595
105 277
105 327
105 447
106 151
106 373
106 431
107 113
107 150
107 235
107 246
107 299
107 398
107 475
107 542
107 554
108 119
108 131
108 248
108 442
108 541
108 545
109 115
109 169
109 198
109 278
109 413
109 504
109 578
110 304
110 506
110 552
111 165
111 315
111 413
111 420
111 519
111 567
111 587
112 268
112 278
112 422
113 161
113 365
113 543
113 551
114 176
114 271
114 419
114 588
114 594
115 157
115 233
115 266
115 332
115 354
115 471
115 602
116 154
116 557
117 265
117 322
117 338
117 362
117 483
118 257
118 456
118 590
119 294
119 336
119 416
119 496
120 166
120 330
120 349
120 417
120 467
120 587
121 237
121 352
121 403
121 407
122 229
122 256
122 310
122 357
122 396
122 457
122 567
122 601
123 197
123 318
123 367
123 503
123 544
124 512
125 223
125 350
125 484
125 516
125 525
125 560
126 149
126 167
126 375
126 506
126 510
127 144
127 193
127 219
127 529
128 235
128 243
128 273
128 399
128 563
129 194
129 234
129 249
129 506
130 368
131 385
131 438
131 459
131 592
132 184
132 286
132 457
132 475
132 565
132 572
133 151
133 304
133 358
133 423
133 462
133 554
134 246
134 295
134 311
134 317
134 603
135 235
135 251
135 263
135 270
135 297
135 471
135 478
135 574
136 152
136 154
136 405
136 469
136 534
136 539
136 574
136 583
137 184
137 244
137 266
137 431
137 599
138 202
138 243
138 499
138 563
139 254
139 360
139 369
139 444
139 520
140 266
140 332
140 390
140 418
141 226
141 368
141 389
142 172
142 445
142 528
142 565
143 164
143 256
143 286
143 320
144 165
144 317
144 416
144 524
144 547
145 203
145 220
145 477
145 520
145 560
146 162
146 360
146 384
147 158
147 269
147 383
147 414
147 570
148 180
148 196
148 213
148 263
148 446
148 515
148 561
149 214
149 531
149 568
150 175
150 221
150 266
150 362
150 419
150 481
151 315
151 349
151 456
151 491
151 509
151 559
152 290
152 441
152 565
153 441
153 477
153 531
153 534
154 240
154 256
154 415
154 530
155 358
155 380
155 544
155 573
156 189
156 194
156 275
156 490
156 581
157 176
157 211
157 229
157 278
157 378
157 479
157 543
157 570
157 596
157 600
158 164
158 171
158 458
158 479
159 356
159 510
159 529
160 182
160 376
160 388
160 405
160 458
161 352
161 490
161 516
161 558
162 301
162 352
162 356
162 370
163 220
163 238
163 282
163 328
163 386
163 567
164 237
164 250
164 330
164 379
164 474
164 492
164 526
164 554
165 282
165 363
165 381
165 440
165 502
166 199
166 266
166 329
166 384
166 393
167 198
167 288
167 300
167 393
167 456
167 535
167 542
167 601
168 440
168 519
168 561
168 588
169 251
169 561
169 589
170 179
170 504
170 529
170 560
171 228
171 305
171 439
171 590
171 600
172 323
172 346
172 477
172 558
173 182
173 183
173 348
173 467
173 528
173 597
173 600
174 183
174 202
174 361
175 269
175 373
175 436
175 482
175 509
175 541
175 550
175 563
175 565
176 185
176 235
176 301
176 411
176 603
177 511
177 519
178 359
178 371
179 213
179 337
179 388
179 542
179 580
179 583
180 262
180 271
180 426
180 512
180 570
181 347
181 486
181 511
181 528
181 532
182 325
182 327
182 393
183 238
183 265
183 277
183 381
183 585
184 375
185 206
185 521
185 560
185 581
185 583
185 593
186 273
186 311
186 344
186 351
186 448
186 592
187 224
187 259
187 324
187 393
187 428
187 430
187 491
188 246
188 255
188 272
188 398
188 400
189 340
189 403
190 202
190 283
190 368
190 559
190 588
191 283
191 553
192 274
192 356
192 484
193 332
193 359
193 468
193 540
193 557
195 460
195 478
195 501
195 513
196 205
196 302
196 323
196 359
197 261
197 302
197 406
197 424
197 495
197 543
198 379
198 381
198 452
200 406
200 431
200 536
200 606
201 272
201 344
201 510
201 590
202 312
202 575
202 579
203 539
203 556
203 577
204 219
204 261
204 282
204 326
204 364
205 235
205 355
205 359
205 367
205 552
206 219
206 414
207 255
207 303
207 404
207 413
207 427
207 545
208 441
208 525
209 276
209 496
210 421
210 532
210 565
210 577
211 443
211 446
211 463
211 509
212 226
212 276
212 504
213 225
213 291
213 313
213 343
213 453
213 579
214 249
214 255
214 279
214 424
214 449
214 485
214 531
214 581
215 249
215 589
216 432
217 328
217 355
217 366
217 398
217 508
217 517
217 587
218 292
218 399
218 433
218 489
218 543
219 358
219 380
219 398
220 229
220 235
220 250
220 317
220 418
220 571
221 259
221 532
221 573
222 234
222 245
222 293
222 449
223 374
223 380
223 458
223 512
223 544
223 562
223 580
224 237
224 389
225 592
225 601
226 240
226 280
226 309
226 314
226 340
226 587
227 558
228 398
228 555
228 569
229 280
229 465
229 510
229 592
230 376
230 469
230 530
230 548
230 556
230 605
231 257
231 302
231 336
231 394
231 466
231 519
231 529
232 234
232 256
232 271
232 460
232 499
233 512
233 526
233 544
233 575
234 361
234 463
234 481
234 506
234 536
236 430
237 436
237 588
238 302
238 429
239 335
239 399
239 409
239 511
239 553
239 589
240 291
240 577
240 579
240 599
240 600
240 603
241 270
241 368
241 583
243 250
243 259
243 292
243 397
243 478
243 510
243 531
244 380
244 405
244 474
245 336
245 536
245 604
246 386
246 404
246 408
246 502
246 562
247 248
247 404
247 434
247 495
247 513
247 524
247 596
248 266
248 346
248 404
248 489
248 501
248 525
248 581
249 308
249 483
249 590
250 392
250 542
251 269
251 299
251 406
251 502
251 602
252 372
252 494
252 545
253 302
253 374
254 544
255 373
255 388
255 459
255 592
256 274
256 301
256 338
256 396
256 476
256 569
257 279
257 306
257 445
257 493
257 571
258 416
258 466
259 338
259 372
259 415
259 460
259 462
260 346
260 571
260 603
261 280
261 380
261 389
261 444
262 329
262 348
262 399
262 444
262 494
263 468
264 321
264 405
264 441
265 291
265 296
265 311
265 446
265 565
266 269
266 304
266 481
266 488
266 564
267 373
267 461
267 464
267 544
267 559
268 432
269 288
269 387
269 431
269 568
269 575
270 445
270 456
270 567
270 592
271 331
272 495
272 497
272 529
272 541
272 559
273 380
273 417
273 559
273 565
273 605
274 429
274 592
275 276
275 283
275 284
275 326
275 529
275 547
276 392
276 394
276 459
277 400
277 443
277 446
278 348
278 365
278 422
279 280
279 407
279 456
279 594
280 309
280 516
280 527
280 585
281 303
281 437
281 452
281 540
282 307
282 540
282 550
284 293
284 362
285 374
285 521
285 588
286 317
286 411
286 436
287 564
288 332
288 554
289 326
289 332
289 343
289 459
289 503
289 572
290 488
290 571
290 586
291 391
291 395
291 522
291 563
291 569
292 298
292 321
292 340
292 372
292 434
292 438
292 454
292 458
292 523
292 602
293 312
293 316
293 437
293 506
294 308
294 440
295 323
296 478
296 528
297 401
297 601
298 440
298 578
299 421
299 428
299 522
299 572
300 401
300 402
301 314
301 365
301 389
301 486
301 511
302 560
302 566
303 376
303 470
303 549
304 311
304 421
304 513
305 333
306 312
306 457
306 514
307 348
307 455
307 476
308 383
308 428
308 539
309 398
310 514
311 450
311 452
311 504
311 580
311 600
312 355
312 455
312 567
313 439
313 471
313 504
313 584
313 585
313 596
315 352
315 384
315 539
315 601
316 392
316 421
317 514
317 534
318 321
318 333
318 578
319 427
320 402
320 576
321 420
321 449
321 486
321 531
322 426
322 519
322 571
323 486
323 490
323 525
323 559
324 361
324 488
325 606
326 334
326 409
326 448
326 506
326 516
326 565
327 384
327 451
327 459
327 597
328 558
329 358
329 385
329 458
329 465
331 346
331 382
331 401
331 453
331 474
331 488
331 577
332 369
332 421
332 475
332 494
333 384
333 533
334 527
334 582
334 598
337 435
337 522
337 536
338 402
339 386
339 443
340 492
340 514
340 534
341 427
341 473
341 490
341 544
342 405
342 422
342 479
342 584
343 472
343 531
343 592
344 497
344 573
345 405
345 484
346 415
346 429
346 443
347 493
347 538
348 504
348 599
349 382
349 409
349 591
350 394
350 396
350 562
350 584
351 362
351 449
351 493
352 439
352 440
352 562
353 396
353 448
354 386
354 435
354 501
355 570
356 408
356 442
356 539
357 391
357 447
357 525
357 574
357 597
358 458
358 536
358 589
359 406
359 526
359 533
360 406
360 446
360 511
360 530
361 595
362 370
362 577
363 483
363 597
364 370
364 383
364 415
364 424
364 558
365 432
365 517
365 521
365 546
366 373
366 380
366 412
367 568
367 586
370 419
370 464
370 470
371 581
372 446
372 466
372 573
373 385
373 517
374 493
375 387
375 425
375 483
375 503
376 399
376 436
376 603
377 447
377 575
377 578
379 401
380 582
381 575
382 405
382 460
383 440
383 476
383 566
384 430
384 525
384 574
385 479
386 577
387 391
387 408
387 419
387 423
387 543
388 442
388 595
389 528
389 531
390 479
390 557
390 588
391 426
391 591
392 413
392 500
392 525
394 468
394 510
394 544
394 562
395 408
395 435
395 599
396 420
396 517
396 540
398 572
399 524
399 549
400 436
401 405
401 600
403 460
405 421
405 494
406 484
406 496
406 523
406 558
407 468
407 518
409 547
410 599
411 439
411 464
411 535
411 586
412 578
412 606
413 598
414 422
414 434
414 481
414 531
415 432
415 537
416 430
416 455
416 474
417 586
418 494
418 549
419 555
420 450
421 463
421 499
423 556
424 469
424 482
424 544
425 479
425 565
426 582
426 590
427 445
427 558
428 489
428 521
429 527
431 528
432 443
432 454
432 487
432 593
435 483
435 537
435 556
435 564
437 524
437 577
438 542
438 574
440 603
441 458
441 487
442 456
442 486
442 566
443 606
444 492
444 581
445 447
445 587
446 466
446 567
447 580
448 524
448 532
448 566
449 456
450 492
450 503
451 600
452 455
452 459
453 516
453 545
454 500
454 512
454 549
455 500
456 495
457 514
457 569
458 507
459 571
460 497
463 528
463 539
464 514
466 504
467 505
468 514
468 515
468 529
468 579
469 486
470 590
471 512
471 516
471 532
472 574
472 577
472 578
474 489
475 487
475 492
476 522
478 494
481 495
481 514
482 499
482 560
482 602
483 508
484 500
484 537
484 605
485 594
487 535
487 541
488 495
490 549
490 555
491 494
494 542
495 558
495 572
495 582
497 498
497 503
497 515
498 509
500 535
500 574
505 536
505 551
507 555
507 582
507 584
508 558
508 589
510 519
510 585
511 580
512 514
513 527
513 564
514 533
514 536
514 545
514 576
515 559
517 581
518 566
519 559
523 574
526 543
529 539
532 551
532 590
534 595
534 597
535 550
536 570
536 590
537 591
540 592
542 546
542 593
544 557
547 574
549 577
551 600
553 575
555 604
556 562
556 602
559 590
560 598
566 603
568 604
569 577
574 597
577 592
577 597
579 594
580 583
581 585
582 606
607 327
607 608
607 609
607 610
608 491
608 609
608 610
609 388
609 610
610 203
