648 2572
0 1
0 2
0 3
0 4
0 5
0 6
0 7
0 8
0 9
0 10
0 11
0 12
0 13
0 14
0 15
0 16
0 17
0 18
0 19
0 20
0 21
0 22
0 23
0 24
0 25
0 26
0 27
0 28
0 29
0 30
0 31
0 32
0 33
0 34
0 35
0 36
0 37
0 38
0 39
0 40
0 41
0 42
0 43
0 44
0 45
0 46
0 47
0 48
0 49
0 50
0 51
0 52
0 53
0 54
0 55
0 56
0 57
0 58
0 59
0 60
0 61
0 62
0 63
0 64
0 65
0 66
0 67
0 68
0 69
0 70
0 71
0 72
0 73
0 74
0 75
0 76
0 77
0 78
0 79
0 80
0 81
0 82
0 83
0 84
0 85
0 86
0 87
0 88
0 89
0 90
0 91
0 92
0 93
0 94
0 95
0 96
0 97
0 98
0 99
0 100
0 101
0 102
0 103
0 104
0 105
0 106
0 107
0 108
0 109
0 110
0 111
0 112
0 113
0 114
0 115
0 116
0 117
0 118
0 119
0 120
0 121
0 122
0 123
0 124
0 125
0 126
0 127
0 128
0 129
0 130
0 131
0 132
0 133
0 134
0 135
0 136
0 137
0 138
0 139
0 140
0 141
0 142
0 143
0 144
0 145
0 146
0 147
0 148
0 149
0 150
0 151
0 152
0 153
0 154
0 155
0 156
0 157
0 158
0 159
0 160
0 161
0 162
0 163
0 164
0 165
0 166
0 167
0 168
0 169
0 170
0 171
0 172
0 173
0 174
0 175
0 176
0 177
0 178
0 179
0 180
0 181
0 182
0 183
0 184
0 185
0 186
0 187
0 188
0 189
0 190
0 191
0 192
0 193
0 194
0 195
0 196
0 197
0 198
0 199
0 200
0 201
0 202
0 203
0 204
0 205
0 206
0 207
0 208
0 209
0 210
0 211
0 212
0 213
0 214
0 215
0 216
0 217
0 218
0 219
0 220
0 221
0 222
0 223
0 224
0 225
0 226
0 227
0 228
0 229
0 230
0 231
0 232
0 233
0 234
0 235
0 236
0 237
0 238
0 239
0 240
0 241
0 242
0 243
0 244
0 245
0 246
0 247
0 248
0 249
0 250
0 251
0 252
0 253
0 254
0 255
0 256
0 257
0 258
0 259
0 260
0 261
0 262
0 263
0 264
0 265
0 266
0 267
0 268
0 269
0 270
0 271
0 272
0 273
0 274
0 275
0 276
0 277
0 278
0 279
0 280
0 281
0 282
0 283
0 284
0 285
0 286
0 287
0 288
0 289
0 290
0 291
0 292
0 293
0 294
0 295
0 296
0 297
0 298
0 299
0 300
0 301
0 302
0 303
0 304
0 305
0 306
0 307
0 308
0 309
0 310
0 311
0 312
0 313
0 314
0 315
0 316
0 317
0 318
0 319
0 320
0 321
0 322
0 323
0 324
0 325
0 326
0 327
0 328
0 329
0 330
0 331
0 332
0 333
0 334
0 335
0 336
0 337
0 338
0 339
0 340
0 341
0 342
0 343
0 344
0 345
0 346
0 347
0 348
0 349
0 350
0 351
0 352
0 353
0 354
0 355
0 356
0 357
0 358
0 359
0 360
0 361
0 362
0 363
0 364
0 365
0 366
0 367
0 368
0 369
0 370
0 371
0 372
0 373
0 374
0 375
0 376
0 377
0 378
0 379
0 380
0 381
0 382
0 383
0 384
0 385
0 386
0 387
0 388
0 389
0 390
0 391
0 392
0 393
0 394
0 395
0 396
0 397
0 398
0 399
0 400
0 401
0 402
0 403
0 404
0 405
0 406
0 407
0 408
0 409
0 410
0 411
0 412
0 413
0 414
0 415
0 416
0 417
0 418
0 419
0 420
0 421
0 422
0 423
0 424
0 425
0 426
0 427
0 428
0 429
0 430
0 431
0 432
0 433
0 434
0 435
0 436
0 437
0 438
0 439
0 440
0 441
0 442
0 443
0 444
0 445
0 446
0 447
0 448
0 449
0 450
0 451
0 452
0 453
0 454
0 455
0 456
0 457
0 458
0 459
0 460
0 461
0 462
0 463
0 464
0 465
0 466
0 467
0 468
0 469
0 470
0 471
0 472
0 473
0 474
0 475
0 476
0 477
0 478
0 479
0 480
0 481
0 482
0 483
0 484
0 485
0 486
0 487
0 488
0 489
0 490
0 491
0 492
0 493
0 494
0 495
0 496
0 497
0 498
0 499
0 500
0 501
0 502
0 503
0 504
0 505
0 506
0 507
0 508
0 509
0 510
0 511
0 512
0 513
0 514
0 515
0 516
0 517
0 518
0 519
0 520
0 521
0 522
0 523
0 524
0 525
0 526
0 527
0 528
0 529
0 530
0 531
0 532
0 533
0 534
0 535
0 536
0 537
0 538
0 539
0 540
0 541
0 542
0 543
0 544
0 545
0 546
0 547
0 548
0 549
0 550
0 551
0 552
0 553
0 554
0 555
0 556
0 557
0 558
0 559
0 560
0 561
0 562
0 563
0 564
0 565
0 566
0 567
0 568
0 569
0 570
0 571
0 572
0 573
0 574
0 575
0 576
0 577
0 578
0 579
0 580
0 581
0 582
0 583
0 584
0 585
0 586
0 587
0 588
0 589
0 590
0 591
0 592
0 593
0 594
0 595
0 596
0 597
0 598
0 599
0 600
0 601
0 602
0 603
0 604
0 605
0 606
0 607
0 608
0 609
0 610
0 611
0 612
0 613
0 614
0 615
0 616
0 617
0 618
0 619
0 620
0 621
0 622
0 623
0 624
0 625
0 626
0 627
0 628
0 629
0 630
0 631
0 632
0 633
0 634
0 635
0 636
0 637
0 638
0 639
0 640
0 641
0 642
0 643
1 69
1 409
1 423
1 434
1 587
2 133
2 184
2 315
2 352
2 478
2 515
3 167
3 173
3 538
3 627
4 103
4 314
4 469
5 168
5 183
5 192
5 259
5 276
5 296
5 381
5 436
5 538
6 33
6 384
7 49
7 136
7 374
7 572
7 633
8 50
8 240
8 372
8 397
8 467
8 614
8 615
8 617
9 159
9 201
9 473
9 641
10 42
10 55
10 426
10 490
10 593
11 412
11 466
11 567
11 618
12 153
12 283
12 325
12 561
13 157
13 190
13 286
13 383
13 409
13 536
13 548
14 45
14 81
15 44
15 199
15 340
15 384
15 400
15 409
15 438
15 501
15 611
16 132
16 161
16 173
16 278
16 289
16 433
16 635
16 638
17 39
17 41
17 111
17 207
17 226
17 428
17 512
17 523
17 540
17 568
17 598
18 142
18 352
18 379
18 475
18 505
18 542
18 548
18 603
19 46
19 185
19 303
19 368
19 522
20 128
20 207
20 306
20 368
20 605
21 616
22 62
22 128
22 225
22 303
22 323
22 359
22 374
22 421
22 538
22 541
22 555
22 579
23 95
23 105
23 110
23 294
23 305
23 427
24 115
24 139
24 156
24 211
24 220
24 273
24 373
24 432
24 622
25 256
25 580
26 91
26 424
26 492
26 494
26 532
26 616
26 619
27 57
27 243
27 496
27 569
27 621
28 72
28 96
28 132
28 253
28 412
28 446
29 128
29 133
29 190
29 202
29 388
29 479
29 492
29 532
30 87
30 314
30 511
30 560
30 607
30 631
31 165
31 189
31 221
31 360
31 387
31 506
31 553
31 582
32 323
32 370
32 405
32 482
33 187
33 319
34 56
34 95
34 361
34 375
35 500
35 636
36 40
36 83
36 161
36 255
36 297
36 604
36 621
37 138
37 140
37 144
37 170
37 364
37 366
37 404
37 440
37 570
37 581
37 630
38 54
38 189
38 223
38 477
39 272
39 329
39 347
40 65
40 153
40 194
40 275
40 335
40 629
41 92
41 335
41 418
41 425
42 142
42 149
42 204
42 360
42 397
43 86
43 152
43 379
43 406
43 533
43 606
43 620
44 280
44 307
44 361
44 501
44 512
44 552
45 140
45 185
45 198
45 251
45 438
45 464
45 530
45 589
46 512
46 526
47 77
47 156
47 285
47 287
47 387
47 543
48 129
48 133
48 587
48 615
49 126
49 162
49 239
49 372
49 384
49 423
50 99
50 174
50 587
51 80
51 215
51 242
51 295
51 323
51 589
52 234
52 290
52 358
52 366
52 377
52 382
52 422
52 460
52 486
52 532
52 540
52 543
52 545
53 145
53 155
53 340
53 428
53 529
54 91
54 152
54 604
55 166
56 196
56 256
56 363
56 475
56 616
57 108
57 273
57 482
57 512
58 84
58 106
58 153
58 314
58 417
58 493
58 521
59 339
59 387
59 419
59 437
59 601
60 121
60 182
60 389
61 133
61 258
61 336
61 350
61 581
61 622
62 157
62 166
62 200
62 584
63 240
63 508
63 519
63 625
64 130
64 291
64 515
64 561
64 562
65 480
66 190
66 195
66 250
66 349
66 490
66 607
66 632
67 235
67 491
67 637
68 509
69 97
69 103
69 133
69 250
69 337
69 355
69 469
69 601
69 643
70 129
70 264
70 302
70 318
70 326
70 338
71 340
71 376
71 482
71 522
71 568
72 112
72 136
72 185
72 196
72 286
72 371
72 391
72 527
72 617
72 631
73 122
73 147
73 245
73 320
73 514
73 546
73 616
74 146
74 288
74 326
74 571
74 599
74 640
74 641
75 86
75 133
75 152
75 277
75 392
75 572
75 584
76 78
76 97
76 133
76 390
76 478
76 494
77 83
77 180
77 193
77 201
77 263
77 330
77 528
78 127
78 238
78 415
78 535
78 613
78 619
79 301
79 395
79 608
80 597
80 600
81 353
81 509
81 548
82 194
82 240
82 294
82 393
82 569
83 145
83 231
83 235
83 427
84 116
84 283
84 312
84 483
85 92
85 166
85 172
85 421
85 428
85 437
85 574
86 95
86 137
86 272
86 298
86 399
86 512
86 515
86 534
87 252
87 345
87 427
87 486
88 432
88 476
89 94
89 129
89 243
89 280
89 282
89 394
89 434
89 495
90 249
90 328
90 409
91 469
91 487
92 139
92 272
92 276
92 632
93 146
93 168
93 261
93 294
93 319
93 502
93 508
93 520
93 556
94 103
94 333
95 190
95 273
95 303
95 544
95 568
95 641
96 129
96 161
96 166
96 216
96 269
96 392
96 433
96 474
96 612
97 266
98 220
98 345
98 403
98 489
98 510
98 636
99 169
99 468
99 601
99 628
100 129
100 135
100 249
100 270
101 124
101 142
101 165
101 187
101 234
101 280
101 308
101 347
101 414
101 462
101 559
101 619
101 636
102 213
102 375
102 390
102 416
103 110
103 191
103 349
103 390
103 440
104 144
104 390
104 420
104 476
105 139
105 490
105 584
105 599
105 620
106 200
106 577
106 614
107 327
107 342
107 344
107 361
107 393
107 462
108 113
108 416
108 555
108 589
109 200
109 281
109 306
109 393
109 537
109 539
110 196
110 249
110 264
110 290
110 466
111 189
111 197
111 270
111 369
111 432
111 528
111 636
112 261
112 399
112 547
112 640
113 117
113 222
113 279
113 357
113 430
113 449
113 600
114 272
114 381
114 413
114 416
114 594
114 598
115 172
115 277
115 374
115 458
115 496
115 561
116 140
116 393
116 448
116 585
117 173
117 263
117 437
117 541
118 272
118 461
119 153
119 322
119 398
119 411
119 449
119 461
119 484
119 520
120 154
120 232
120 397
120 400
120 412
120 456
120 587
121 296
121 356
121 404
121 513
121 588
121 595
121 643
122 319
122 498
122 592
123 165
123 227
123 238
123 306
124 151
124 271
124 324
124 455
124 491
124 515
124 574
125 374
125 457
126 159
126 237
126 315
126 442
126 482
126 509
127 188
127 611
127 612
127 642
128 192
128 280
128 291
128 303
128 532
128 570
128 573
129 250
129 411
129 510
129 635
130 208
130 221
130 361
130 485
130 496
131 261
131 290
131 330
131 331
132 222
132 224
132 291
132 495
132 507
133 214
133 218
133 219
133 353
133 383
134 234
134 370
134 428
134 444
135 176
135 346
135 614
135 619
135 623
136 278
136 621
137 154
137 432
137 540
137 547
138 142
138 158
138 208
138 294
138 469
138 611
138 633
139 204
139 241
140 183
140 488
140 610
140 636
141 158
141 160
141 189
141 225
141 318
141 399
141 441
141 503
141 572
142 185
142 253
142 406
142 555
142 588
143 192
143 277
143 318
144 164
144 424
144 428
144 454
145 193
145 262
145 303
145 382
146 172
146 359
146 382
146 492
147 245
147 401
147 409
148 183
148 271
148 426
148 529
148 568
149 239
149 241
149 282
149 371
149 468
149 525
149 639
150 195
150 198
150 330
150 406
150 453
150 600
151 278
151 310
151 419
151 481
151 587
152 191
152 210
152 330
152 573
152 600
153 212
153 318
153 594
153 625
154 307
154 414
154 434
154 466
154 537
154 573
155 396
155 420
156 346
157 180
157 225
157 406
157 428
157 637
157 643
158 309
158 380
158 454
159 188
159 300
159 381
159 463
159 510
159 576
159 611
160 532
160 551
160 573
161 367
161 425
161 471
161 490
161 495
161 600
162 213
162 244
162 389
162 430
162 473
162 493
163 263
163 304
163 465
163 553
163 554
163 637
164 173
164 187
164 221
164 269
164 408
164 479
164 489
164 501
164 633
165 249
165 399
166 172
166 219
166 280
166 333
166 492
166 542
166 602
167 210
167 258
167 394
167 580
168 449
168 582
168 616
169 251
169 569
170 226
170 235
170 353
170 420
170 495
170 519
170 599
170 605
170 628
171 449
171 610
172 561
172 579
172 580
172 605
174 194
174 313
174 331
174 378
174 431
175 198
175 340
175 593
176 237
176 293
176 572
176 614
177 193
177 203
177 225
177 298
177 303
177 348
177 374
177 483
177 544
177 576
178 262
178 529
178 550
179 187
179 212
179 302
179 319
179 331
179 544
179 632
180 196
180 198
180 374
180 572
180 595
180 635
181 229
181 258
182 313
182 368
182 441
182 461
183 290
183 304
183 416
183 493
183 537
183 540
184 295
184 308
184 323
184 412
184 595
185 233
185 311
185 387
185 514
185 602
186 556
187 280
187 286
187 359
187 411
188 195
188 362
188 471
188 488
188 513
189 316
189 526
189 562
190 427
190 460
190 481
190 522
192 357
192 417
192 593
193 195
193 274
193 328
193 370
193 371
193 460
194 607
195 212
195 404
195 629
196 216
196 264
196 274
196 278
196 332
196 475
196 534
197 225
197 270
197 300
197 345
197 363
197 390
197 408
197 418
197 465
197 593
198 257
198 302
198 329
198 336
198 417
198 425
198 592
198 619
199 241
199 620
200 376
200 379
200 616
200 636
201 252
201 322
201 375
201 523
201 641
202 277
202 369
202 457
202 484
202 485
202 591
203 255
203 262
203 554
203 589
203 599
204 205
204 219
204 331
204 463
204 483
204 626
205 208
205 244
205 292
205 354
205 370
205 437
205 541
206 213
206 247
207 235
207 257
207 301
207 456
207 521
207 552
207 575
207 603
207 633
208 402
209 397
209 509
210 358
210 365
210 543
211 370
211 553
212 240
212 359
212 496
212 506
212 605
213 290
213 368
213 411
214 302
214 623
215 392
215 485
216 448
216 510
216 550
216 627
217 234
217 265
217 396
217 427
217 455
217 459
218 334
218 350
218 356
218 513
219 265
219 305
219 358
219 400
219 421
219 435
219 452
219 551
219 595
220 256
221 235
221 274
221 317
221 383
221 436
221 583
222 236
222 260
222 388
222 520
222 534
222 591
223 233
223 477
224 613
225 274
225 489
226 247
226 527
226 568
226 637
227 624
228 305
228 573
229 295
229 302
229 444
229 479
229 508
229 514
229 635
230 265
230 277
230 629
231 347
231 393
231 463
231 470
231 607
232 325
232 326
232 413
232 509
232 581
233 304
233 323
233 366
233 461
233 493
233 541
233 595
234 264
235 305
237 377
237 401
237 566
238 362
238 391
239 276
239 466
239 490
240 259
240 285
240 302
240 335
240 413
240 422
240 424
240 499
240 616
241 374
241 480
242 427
242 432
242 509
242 536
243 254
243 298
243 304
243 335
243 351
243 370
243 593
243 631
243 636
244 349
244 420
244 472
245 410
245 473
246 438
246 627
247 353
247 385
247 571
248 386
248 417
248 615
249 327
249 375
249 401
249 422
249 445
249 520
249 629
250 417
250 501
250 580
250 617
250 643
251 313
251 362
251 419
251 528
251 555
251 569
251 620
251 631
251 636
252 259
252 391
252 447
252 470
252 531
252 580
253 586
253 592
253 598
254 262
254 307
254 391
254 447
254 455
254 456
254 609
255 355
255 416
255 624
255 635
256 343
256 371
256 547
256 566
257 369
257 429
257 456
258 363
258 478
259 262
259 373
259 394
260 423
260 481
260 619
261 382
261 634
262 434
262 441
262 479
262 602
263 385
263 631
264 299
264 363
264 491
264 565
264 582
264 600
264 637
265 467
265 495
265 503
265 586
266 307
266 331
266 391
266 538
267 388
267 435
267 491
267 623
268 275
268 446
268 470
268 518
268 583
268 585
269 505
269 560
269 642
270 277
270 322
270 493
270 552
270 578
270 639
271 345
271 569
272 336
272 441
272 493
273 310
273 397
273 502
273 613
274 297
274 315
274 403
274 427
274 466
274 544
274 626
275 348
275 484
275 521
275 548
275 576
275 624
276 284
276 391
276 619
278 487
279 450
279 547
280 522
281 456
281 492
281 571
281 641
282 606
283 432
283 510
283 582
284 440
284 506
285 376
285 526
285 585
285 587
286 362
286 370
286 484
287 337
287 459
287 560
288 393
288 494
289 293
289 318
289 399
289 492
289 569
289 586
290 329
290 571
290 595
291 360
291 437
291 474
291 551
291 570
291 599
292 304
293 311
293 522
293 525
294 408
294 470
294 608
294 628
294 629
295 311
295 375
295 577
296 395
296 550
296 617
297 331
298 357
298 379
299 410
299 640
300 312
300 332
300 429
300 530
300 560
300 580
301 351
301 503
302 502
302 560
303 433
303 447
303 561
303 598
304 570
305 351
305 357
305 526
305 615
305 641
306 615
307 516
307 520
307 527
307 612
307 624
308 543
309 371
309 542
310 451
310 519
311 354
311 374
311 473
311 616
312 317
313 411
313 535
315 480
315 483
315 541
316 361
316 404
316 595
317 365
317 404
317 491
317 606
318 366
318 424
318 486
318 600
318 639
319 409
319 546
319 579
320 376
320 402
320 403
320 546
320 611
321 326
321 363
321 364
321 416
321 426
321 519
321 629
322 352
322 373
322 434
322 635
323 362
323 468
323 573
324 375
324 425
324 443
324 464
324 492
324 520
324 540
325 376
325 385
325 448
326 615
328 371
328 390
330 578
330 588
331 414
331 437
331 515
332 341
332 420
332 538
332 561
332 593
333 429
333 585
333 632
334 414
334 520
334 556
334 602
335 380
336 408
336 424
336 455
337 558
338 373
338 564
339 405
340 371
340 407
340 505
340 523
340 581
341 407
341 458
341 557
341 610
342 416
342 481
342 611
343 399
343 515
344 347
344 408
344 476
345 411
345 592
345 641
346 372
346 423
346 625
347 375
347 421
348 431
348 534
348 568
348 618
349 449
349 567
349 638
350 463
350 499
350 642
352 367
352 432
352 498
352 621
353 440
353 458
353 506
353 585
353 607
354 610
354 625
355 374
355 469
355 608
356 359
356 361
356 586
357 476
359 471
359 623
360 450
360 590
360 610
361 389
361 491
361 536
361 607
362 526
362 528
362 560
362 566
362 602
362 606
362 639
363 398
363 464
364 495
364 587
365 376
365 465
365 490
366 372
366 377
366 383
366 580
367 411
367 424
367 526
368 392
368 447
368 582
368 622
369 496
370 488
370 526
370 587
370 591
372 413
372 419
372 509
372 640
373 574
374 467
376 622
377 586
378 441
378 566
378 573
378 631
380 476
380 523
381 399
381 433
381 447
381 553
381 555
382 395
382 399
382 554
383 403
383 458
383 486
383 509
383 603
383 624
384 492
385 433
385 462
385 496
387 511
387 533
387 573
387 627
389 640
390 409
391 489
391 589
391 608
391 617
392 471
392 542
392 639
393 447
393 491
394 473
395 473
396 424
396 472
396 525
400 507
400 535
401 462
402 560
403 542
403 579
404 516
405 553
405 563
405 569
405 572
406 589
407 412
407 435
407 458
407 474
407 642
408 446
408 586
409 452
409 510
409 600
410 467
410 591
411 567
411 634
412 421
412 525
413 452
414 459
414 507
414 610
415 569
415 576
416 632
417 571
418 419
418 420
418 424
418 522
418 607
419 579
420 445
420 446
420 447
420 489
420 505
420 556
421 469
421 616
423 603
424 519
424 523
424 542
425 523
425 605
425 615
426 430
426 492
427 453
427 475
427 526
427 537
427 544
428 589
428 636
429 467
429 490
429 613
431 490
431 493
431 582
432 510
432 589
432 619
433 575
434 455
434 458
434 605
434 619
436 516
436 542
436 595
437 463
437 554
438 439
438 452
438 557
438 582
440 478
440 570
441 500
441 596
442 457
442 504
443 565
444 552
444 641
445 471
446 579
446 606
447 633
448 603
449 535
449 617
450 519
450 628
452 466
452 512
452 570
452 585
452 633
453 489
453 572
454 541
454 548
455 510
455 528
455 530
455 639
456 528
457 483
458 602
458 638
459 613
459 633
460 509
460 520
460 543
461 531
461 575
461 591
462 529
462 632
464 484
465 470
465 492
465 587
465 593
466 491
466 606
466 613
467 557
467 625
467 630
468 486
469 571
470 523
472 527
473 479
473 523
474 527
474 623
476 522
476 549
476 613
476 632
478 507
478 640
479 498
479 579
480 616
480 624
481 547
481 637
482 491
483 573
484 555
485 514
486 530
486 587
488 539
489 559
489 583
489 595
491 528
492 536
492 622
493 521
493 606
495 578
497 609
498 508
498 535
498 602
499 596
502 528
502 534
503 527
503 540
505 513
505 525
505 602
505 611
506 573
507 639
509 570
512 632
513 577
515 642
516 528
516 535
516 619
517 589
517 617
517 626
519 572
519 611
520 558
520 617
521 576
521 603
523 561
523 582
523 587
523 608
525 619
526 587
527 537
527 623
527 633
528 551
528 586
528 602
528 608
529 593
529 640
531 536
531 591
534 551
534 596
535 620
536 617
537 620
539 541
539 571
542 579
545 582
548 554
548 556
548 639
551 564
553 561
553 643
554 599
555 586
555 641
556 582
557 558
557 586
559 596
559 601
560 589
560 618
562 596
563 565
563 627
563 628
564 626
565 622
566 606
567 570
569 619
569 643
570 578
570 587
571 625
572 618
573 600
574 578
579 586
579 629
582 621
583 597
585 643
588 608
589 631
590 597
590 632
596 624
597 619
603 636
607 614
610 633
611 615
613 618
615 634
629 639
631 633
633 640
636 639
644 23
644 645
644 646
644 647
645 337
645 646
645 647
646 235
646 647
647 79
