722 2866
0 1
0 2
0 3
0 4
0 5
0 6
0 7
0 8
0 9
0 10
0 11
0 12
0 13
0 14
0 15
0 16
0 17
0 18
0 19
0 20
0 21
0 22
0 23
0 24
0 25
0 26
0 27
0 28
0 29
0 30
0 31
0 32
0 33
0 34
0 35
0 36
0 37
0 38
0 39
0 40
0 41
0 42
0 43
0 44
0 45
0 46
0 47
0 48
0 49
0 50
0 51
0 52
0 53
0 54
0 55
0 56
0 57
0 58
0 59
0 60
0 61
0 62
0 63
0 64
0 65
0 66
0 67
0 68
0 69
0 70
0 71
0 72
0 73
0 74
0 75
0 76
0 77
0 78
0 79
0 80
0 81
0 82
0 83
0 84
0 85
0 86
0 87
0 88
0 89
0 90
0 91
0 92
0 93
0 94
0 95
0 96
0 97
0 98
0 99
0 100
0 101
0 102
0 103
0 104
0 105
0 106
0 107
0 108
0 109
0 110
0 111
0 112
0 113
0 114
0 115
0 116
0 117
0 118
0 119
0 120
0 121
0 122
0 123
0 124
0 125
0 126
0 127
0 128
0 129
0 130
0 131
0 132
0 133
0 134
0 135
0 136
0 137
0 138
0 139
0 140
0 141
0 142
0 143
0 144
0 145
0 146
0 147
0 148
0 149
0 150
0 151
0 152
0 153
0 154
0 155
0 156
0 157
0 158
0 159
0 160
0 161
0 162
0 163
0 164
0 165
0 166
0 167
0 168
0 169
0 170
0 171
0 172
0 173
0 174
0 175
0 176
0 177
0 178
0 179
0 180
0 181
0 182
0 183
0 184
0 185
0 186
0 187
0 188
0 189
0 190
0 191
0 192
0 193
0 194
0 195
0 196
0 197
0 198
0 199
0 200
0 201
0 202
0 203
0 204
0 205
0 206
0 207
0 208
0 209
0 210
0 211
0 212
0 213
0 214
0 215
0 216
0 217
0 218
0 219
0 220
0 221
0 222
0 223
0 224
0 225
0 226
0 227
0 228
0 229
0 230
0 231
0 232
0 233
0 234
0 235
0 236
0 237
0 238
0 239
0 240
0 241
0 242
0 243
0 244
0 245
0 246
0 247
0 248
0 249
0 250
0 251
0 252
0 253
0 254
0 255
0 256
0 257
0 258
0 259
0 260
0 261
0 262
0 263
0 264
0 265
0 266
0 267
0 268
0 269
0 270
0 271
0 272
0 273
0 274
0 275
0 276
0 277
0 278
0 279
0 280
0 281
0 282
0 283
0 284
0 285
0 286
0 287
0 288
0 289
0 290
0 291
0 292
0 293
0 294
0 295
0 296
0 297
0 298
0 299
0 300
0 301
0 302
0 303
0 304
0 305
0 306
0 307
0 308
0 309
0 310
0 311
0 312
0 313
0 314
0 315
0 316
0 317
0 318
0 319
0 320
0 321
0 322
0 323
0 324
0 325
0 326
0 327
0 328
0 329
0 330
0 331
0 332
0 333
0 334
0 335
0 336
0 337
0 338
0 339
0 340
0 341
0 342
0 343
0 344
0 345
0 346
0 347
0 348
0 349
0 350
0 351
0 352
0 353
0 354
0 355
0 356
0 357
0 358
0 359
0 360
0 361
0 362
0 363
0 364
0 365
0 366
0 367
0 368
0 369
0 370
0 371
0 372
0 373
0 374
0 375
0 376
0 377
0 378
0 379
0 380
0 381
0 382
0 383
0 384
0 385
0 386
0 387
0 388
0 389
0 390
0 391
0 392
0 393
0 394
0 395
0 396
0 397
0 398
0 399
0 400
0 401
0 402
0 403
0 404
0 405
0 406
0 407
0 408
0 409
0 410
0 411
0 412
0 413
0 414
0 415
0 416
0 417
0 418
0 419
0 420
0 421
0 422
0 423
0 424
0 425
0 426
0 427
0 428
0 429
0 430
0 431
0 432
0 433
0 434
0 435
0 436
0 437
0 438
0 439
0 440
0 441
0 442
0 443
0 444
0 445
0 446
0 447
0 448
0 449
0 450
0 451
0 452
0 453
0 454
0 455
0 456
0 457
0 458
0 459
0 460
0 461
0 462
0 463
0 464
0 465
0 466
0 467
0 468
0 469
0 470
0 471
0 472
0 473
0 474
0 475
0 476
0 477
0 478
0 479
0 480
0 481
0 482
0 483
0 484
0 485
0 486
0 487
0 488
0 489
0 490
0 491
0 492
0 493
0 494
0 495
0 496
0 497
0 498
0 499
0 500
0 501
0 502
0 503
0 504
0 505
0 506
0 507
0 508
0 509
0 510
0 511
0 512
0 513
0 514
0 515
0 516
0 517
0 518
0 519
0 520
0 521
0 522
0 523
0 524
0 525
0 526
0 527
0 528
0 529
0 530
0 531
0 532
0 533
0 534
0 535
0 536
0 537
0 538
0 539
0 540
0 541
0 542
0 543
0 544
0 545
0 546
0 547
0 548
0 549
0 550
0 551
0 552
0 553
0 554
0 555
0 556
0 557
0 558
0 559
0 560
0 561
0 562
0 563
0 564
0 565
0 566
0 567
0 568
0 569
0 570
0 571
0 572
0 573
0 574
0 575
0 576
0 577
0 578
0 579
0 580
0 581
0 582
0 583
0 584
0 585
0 586
0 587
0 588
0 589
0 590
0 591
0 592
0 593
0 594
0 595
0 596
0 597
0 598
0 599
0 600
0 601
0 602
0 603
0 604
0 605
0 606
0 607
0 608
0 609
0 610
0 611
0 612
0 613
0 614
0 615
0 616
0 617
0 618
0 619
0 620
0 621
0 622
0 623
0 624
0 625
0 626
0 627
0 628
0 629
0 630
0 631
0 632
0 633
0 634
0 635
0 636
0 637
0 638
0 639
0 640
0 641
0 642
0 643
0 644
0 645
0 646
0 647
0 648
0 649
0 650
0 651
0 652
0 653
0 654
0 655
0 656
0 657
0 658
0 659
0 660
0 661
0 662
0 663
0 664
0 665
0 666
0 667
0 668
0 669
0 670
0 671
0 672
0 673
0 674
0 675
0 676
0 677
0 678
0 679
0 680
0 681
0 682
0 683
0 684
0 685
0 686
0 687
0 688
0 689
0 690
0 691
0 692
0 693
0 694
0 695
0 696
0 697
0 698
0 699
0 700
0 701
0 702
0 703
0 704
0 705
0 706
0 707
0 708
0 709
0 710
0 711
0 712
0 713
0 714
0 715
0 716
0 717
1 8
1 138
1 144
1 281
1 368
1 375
1 408
1 641
2 58
2 184
2 223
2 224
2 270
2 289
2 323
2 373
2 465
2 606
2 650
2 690
3 9
3 102
3 220
3 437
3 525
3 663
4 17
4 110
4 160
4 328
4 351
4 537
5 370
5 401
5 409
5 534
5 570
5 665
6 256
6 493
6 651
7 26
7 44
7 128
7 350
7 446
7 541
8 215
8 260
8 298
8 340
8 378
8 472
8 497
8 561
9 86
9 315
9 549
9 587
9 616
9 624
9 672
9 702
10 16
10 80
10 115
10 173
10 274
10 536
11 38
11 315
11 345
11 433
11 453
12 214
12 244
12 325
13 88
13 94
13 152
13 163
13 286
13 557
13 567
13 658
13 671
13 711
14 68
14 116
14 230
14 347
14 388
14 403
14 560
14 592
14 597
14 602
15 236
15 360
16 97
16 119
16 214
16 293
16 507
16 608
16 662
17 279
17 447
17 649
17 668
17 684
17 697
18 21
18 114
18 269
18 273
18 675
19 38
19 111
19 169
19 522
19 630
19 639
20 125
20 151
20 396
20 488
21 491
21 514
21 563
21 685
21 708
22 179
22 220
22 310
22 365
22 628
22 631
22 679
22 709
23 195
23 362
23 396
23 411
23 444
23 538
23 610
23 648
24 364
24 370
24 640
24 684
25 198
25 273
25 486
25 500
25 512
25 597
25 636
26 83
26 211
26 388
26 390
26 524
26 580
26 594
26 629
26 650
26 706
27 395
27 414
27 509
27 548
27 617
28 88
28 328
28 360
28 553
28 578
28 640
29 65
29 78
29 205
29 212
29 230
29 243
29 303
29 353
29 413
29 430
29 477
29 501
30 239
30 291
30 326
30 462
30 626
31 185
31 375
31 431
32 254
32 308
32 435
32 445
32 539
33 50
33 231
33 353
33 358
33 379
33 608
33 686
34 395
34 564
34 614
35 187
35 517
35 687
35 714
36 37
36 341
36 670
36 713
37 159
37 322
37 417
37 419
37 594
37 596
38 218
38 409
38 504
38 676
38 697
39 85
39 133
39 134
39 263
39 512
39 542
39 546
39 597
39 656
39 663
39 674
40 180
40 200
40 217
40 282
40 353
40 366
40 564
41 193
41 472
41 497
41 519
41 626
42 76
42 303
42 397
42 456
42 611
43 305
43 350
43 454
43 569
44 191
44 318
44 363
45 148
45 278
45 338
45 407
45 506
46 143
46 161
46 166
46 291
47 156
47 158
47 161
47 286
47 344
47 402
47 445
47 454
47 627
48 113
48 199
48 249
48 451
48 646
48 656
48 713
49 61
49 417
49 575
50 133
50 151
50 387
50 429
50 433
50 687
50 708
51 116
51 370
51 402
51 511
51 514
52 107
52 410
52 625
52 677
53 84
53 115
53 475
53 489
54 247
54 295
54 302
54 463
54 470
54 474
54 488
54 535
55 148
55 313
55 362
55 514
55 532
55 568
55 605
55 609
55 667
56 615
56 646
56 706
57 100
57 470
58 160
58 239
58 254
58 259
58 411
58 486
59 412
59 525
59 644
59 656
60 75
60 119
60 174
60 179
60 203
60 467
60 541
60 544
60 621
61 163
61 236
61 271
61 344
61 528
62 130
62 236
62 256
62 294
62 402
62 526
62 605
63 158
63 236
63 322
63 352
63 405
63 618
63 682
64 94
64 321
64 324
64 439
64 486
64 597
65 275
65 495
65 509
66 287
66 289
66 312
66 341
66 410
66 618
66 680
66 698
67 379
67 545
67 687
68 124
68 132
68 430
68 595
69 138
69 362
69 532
69 539
70 348
70 530
70 540
70 587
71 106
71 516
72 88
72 96
72 644
72 684
73 298
73 324
73 628
73 691
73 695
74 98
74 99
74 101
74 282
74 370
74 432
74 495
74 643
75 226
75 249
75 275
75 355
76 229
76 248
76 299
76 316
76 378
76 419
76 545
76 622
76 693
77 113
77 161
77 254
77 297
77 320
77 384
77 464
77 542
77 587
77 679
77 704
78 237
78 258
78 401
79 101
79 388
79 666
80 187
80 437
80 457
80 461
80 488
80 497
80 607
81 145
81 251
81 447
81 473
82 270
82 289
82 419
82 516
83 108
83 568
83 630
83 702
84 256
84 324
84 432
84 587
85 454
86 214
86 338
86 552
87 226
87 352
87 466
88 430
88 441
88 468
88 615
88 639
88 699
89 225
89 332
89 385
89 453
89 506
89 509
89 517
90 134
90 186
90 316
90 454
90 472
90 611
91 169
91 244
91 503
91 624
92 349
92 611
92 672
92 688
93 140
93 241
93 369
93 391
93 432
93 665
94 116
94 120
94 528
95 129
95 177
95 666
95 678
96 185
96 316
96 356
96 680
97 303
97 365
97 518
97 692
98 180
98 636
98 665
98 677
98 713
99 174
99 197
99 216
99 246
99 435
99 700
100 204
100 239
100 487
100 543
100 696
101 186
101 261
102 182
102 237
102 266
102 289
102 658
102 675
103 242
103 363
103 515
103 581
103 684
104 108
104 215
104 256
104 330
104 427
105 153
105 155
105 325
105 441
105 660
106 137
106 167
106 204
106 272
106 375
106 468
106 531
106 558
106 596
106 656
107 184
107 249
107 401
107 461
107 695
108 372
108 469
109 174
110 358
110 365
110 393
110 511
110 583
110 595
110 709
111 257
111 284
111 372
111 633
112 134
112 209
112 612
112 680
112 682
113 225
113 335
113 617
114 284
114 409
114 453
115 694
116 204
116 238
116 264
116 277
117 394
117 633
117 634
118 142
118 330
118 479
118 629
119 228
119 418
119 562
119 630
120 139
120 289
120 326
120 385
120 432
120 540
121 281
121 325
121 368
121 417
121 455
121 554
121 592
122 285
122 350
122 409
122 494
122 572
122 666
123 389
123 431
123 563
124 212
124 220
124 473
124 497
124 504
124 525
125 296
125 397
126 223
126 386
126 437
127 204
127 357
127 507
128 169
128 214
128 281
128 317
128 346
128 387
128 469
128 479
128 539
128 693
129 134
129 311
129 485
129 500
129 543
129 551
129 570
129 641
129 670
130 138
130 392
130 431
130 603
130 633
130 711
131 287
131 307
131 337
131 568
132 188
132 251
132 259
132 310
132 326
132 424
132 471
132 503
132 538
132 593
132 661
132 683
133 151
133 371
133 416
133 424
133 480
133 644
133 706
134 403
134 454
134 534
135 204
135 299
135 311
135 534
136 140
136 390
136 535
136 586
137 149
137 158
137 168
137 248
137 278
137 293
138 140
138 149
138 263
138 268
138 490
138 562
138 626
138 638
139 167
139 185
139 190
139 285
139 337
139 666
140 212
140 372
140 622
140 690
141 350
141 634
142 308
142 345
142 389
142 538
142 590
142 670
142 694
143 201
143 254
143 329
143 383
143 393
143 488
143 695
144 145
144 167
144 668
144 686
145 253
145 683
146 284
146 354
146 453
146 481
146 590
146 688
147 216
147 241
147 434
147 583
147 649
149 234
149 251
149 378
149 445
149 575
149 626
150 164
150 185
150 218
150 326
150 409
150 665
151 313
151 415
151 509
152 285
152 353
152 614
152 668
152 711
153 165
153 176
153 201
153 262
153 485
153 583
153 622
153 624
154 236
154 411
154 420
154 589
154 598
155 357
155 520
155 599
155 629
156 267
156 373
156 452
156 560
156 566
156 628
157 182
157 278
157 329
157 399
157 684
158 245
158 276
158 292
158 327
158 531
158 541
158 607
158 672
159 235
159 485
159 706
160 462
160 709
161 163
161 330
161 435
161 570
161 604
162 174
162 248
162 341
162 350
162 355
162 427
162 614
162 644
163 515
163 563
163 648
164 279
164 339
164 398
165 287
165 366
165 553
165 671
165 685
165 705
166 334
166 368
166 453
166 468
166 470
166 562
166 566
166 638
167 173
167 187
167 273
167 421
167 633
168 253
168 470
168 652
169 284
169 287
169 399
169 466
169 504
169 586
170 489
170 507
170 644
171 174
171 553
171 688
172 245
172 374
172 397
172 439
173 442
173 460
173 535
173 644
174 193
174 249
174 365
174 452
174 523
175 202
175 310
175 411
175 717
176 394
176 502
176 658
177 560
178 354
178 447
179 217
179 295
179 537
179 538
179 590
179 640
179 653
180 371
180 480
180 602
181 230
181 342
181 641
182 564
182 627
182 698
182 702
182 706
183 568
183 625
183 705
184 189
184 470
184 558
185 205
185 326
185 450
185 617
185 686
186 357
186 639
186 701
187 465
187 529
187 544
187 649
188 194
188 261
188 284
188 527
188 563
189 543
189 633
189 670
190 390
190 400
190 401
190 627
191 218
191 680
192 215
192 332
192 410
192 430
192 515
192 645
192 715
193 339
193 484
193 540
193 541
193 573
193 711
194 250
194 256
194 406
194 628
194 673
195 519
195 583
195 668
196 382
196 401
196 558
196 660
196 715
197 283
197 458
197 639
198 457
198 494
199 361
199 461
200 380
200 457
200 505
200 555
200 577
200 697
201 316
201 320
201 383
201 464
201 513
201 549
201 709
202 262
202 294
202 541
202 571
203 241
203 252
203 268
203 283
203 296
203 364
203 441
203 511
204 227
204 304
204 308
204 331
204 370
204 376
204 453
204 526
204 543
204 603
204 627
205 216
205 467
205 549
205 600
205 684
205 709
206 235
206 295
206 383
206 505
206 524
206 541
206 649
206 694
207 222
207 327
207 410
208 209
208 419
208 500
208 569
208 673
208 715
209 299
209 368
209 479
209 593
209 710
210 555
210 620
210 641
211 451
211 452
211 481
211 697
212 265
212 352
212 375
213 270
213 303
213 319
213 514
213 588
213 593
213 655
214 267
214 272
214 374
214 390
214 566
214 572
214 636
214 664
214 704
215 217
215 320
215 504
215 521
215 706
216 420
216 456
216 527
216 622
216 684
217 383
217 643
217 703
218 304
218 478
218 624
219 248
219 449
219 469
219 530
219 580
220 575
220 605
221 222
221 690
222 283
222 288
222 330
223 339
223 475
223 635
223 651
224 387
224 485
224 499
224 537
224 636
225 318
225 370
225 701
225 712
226 260
226 396
226 402
226 528
226 534
227 284
227 375
227 395
227 502
228 300
228 410
228 458
228 608
229 246
229 637
230 485
231 265
231 325
231 541
232 256
232 524
232 699
233 249
233 290
233 296
233 339
233 341
233 420
233 450
233 482
233 499
233 557
234 263
234 328
234 376
234 381
234 500
234 513
234 691
235 507
235 583
235 683
236 278
237 408
237 498
237 547
237 616
237 665
237 701
238 275
238 343
238 667
239 272
239 360
239 377
239 510
239 630
240 277
240 394
240 423
240 519
240 520
241 282
241 337
241 393
241 545
241 603
241 695
241 707
242 614
242 716
243 379
243 452
243 568
243 598
244 482
245 325
245 341
245 404
245 600
245 602
245 682
246 339
246 390
247 387
247 581
248 419
248 560
248 665
248 670
249 381
249 518
249 672
250 279
250 548
250 701
251 325
252 423
252 508
252 651
253 347
253 555
254 389
254 423
254 590
254 640
254 671
254 678
255 282
255 350
255 381
256 330
256 483
256 488
256 614
257 327
257 382
257 395
257 489
257 490
257 581
258 353
258 680
259 276
259 301
259 544
259 593
260 310
260 419
260 448
260 686
261 328
261 610
262 290
262 328
262 483
262 582
262 595
262 635
262 705
263 360
263 397
263 427
263 485
263 716
264 287
264 339
264 487
264 657
265 463
265 539
265 559
266 347
266 475
266 510
267 425
267 475
267 554
268 358
268 506
269 479
269 560
270 449
270 462
270 471
270 636
270 710
271 279
271 713
272 335
272 365
272 441
272 545
272 694
272 707
273 292
273 386
273 553
273 561
274 537
274 579
274 653
274 688
274 704
275 442
275 646
275 694
276 322
276 343
276 351
276 369
276 580
276 594
276 595
276 596
276 607
277 476
278 581
278 684
279 374
279 659
280 370
280 525
280 598
281 383
281 575
281 589
281 609
281 634
281 636
282 334
282 444
282 501
282 547
282 599
282 648
283 351
283 679
283 716
284 317
284 372
284 481
284 706
285 586
285 607
285 630
286 554
287 321
287 464
287 641
287 649
287 669
288 305
288 381
288 526
289 447
289 510
289 699
290 421
290 469
290 533
291 573
291 635
292 336
292 644
292 663
293 325
293 668
294 561
294 600
294 713
295 434
295 681
295 697
296 644
298 354
298 403
298 494
298 518
298 550
298 628
299 324
299 325
299 347
299 431
299 508
299 523
299 652
300 476
300 517
300 691
301 314
301 328
301 458
301 491
301 716
302 338
302 433
302 494
302 499
302 604
302 714
304 480
304 589
305 309
305 551
305 641
306 400
308 309
308 452
308 529
308 574
308 652
308 675
309 345
309 353
309 603
309 675
310 319
310 396
310 709
311 326
311 549
311 694
312 315
312 430
312 613
313 368
313 508
313 581
313 632
314 371
314 405
314 430
314 654
314 708
315 357
315 376
315 466
315 553
315 608
316 431
316 552
316 581
316 662
317 418
318 393
318 397
318 411
318 494
318 516
318 693
319 384
319 460
319 654
320 345
320 569
320 590
320 621
320 678
320 708
321 364
321 480
321 500
322 398
322 438
322 462
323 376
323 535
324 342
324 388
324 529
324 689
325 487
325 534
325 631
325 681
326 438
326 509
327 358
327 387
327 474
327 518
327 530
327 633
327 693
328 451
328 489
328 549
328 597
329 480
330 466
330 609
331 443
331 506
332 344
332 441
332 489
333 469
333 622
334 353
334 409
334 466
334 663
335 365
335 554
335 616
335 629
336 338
336 495
336 624
336 632
337 567
338 394
338 434
338 538
338 643
338 685
339 705
339 711
340 403
340 449
341 573
341 667
341 716
343 474
344 393
344 435
344 632
344 666
345 348
345 456
345 472
345 644
345 673
346 424
346 464
346 580
346 646
347 424
347 431
347 654
348 474
348 491
348 567
348 630
349 460
349 715
350 431
351 570
352 514
352 572
352 573
352 603
353 712
354 388
354 484
354 689
355 416
356 587
356 647
357 366
357 392
357 395
357 618
357 679
357 695
357 705
357 711
358 401
358 480
359 361
359 560
360 484
360 512
360 529
360 565
360 644
361 366
361 498
361 529
361 539
361 614
362 492
362 503
362 686
363 381
363 463
363 617
363 714
364 436
364 461
364 489
364 559
364 653
365 406
365 446
365 672
365 676
365 701
366 560
366 578
367 679
368 682
369 427
369 434
369 447
369 519
370 490
370 564
370 577
370 637
370 675
371 641
372 511
372 592
372 710
373 591
373 609
373 622
373 650
374 403
374 404
374 565
374 626
375 433
375 474
375 561
376 684
377 410
377 427
377 495
377 529
377 555
378 496
378 538
380 427
380 493
380 523
380 529
380 539
380 566
382 399
382 610
383 411
383 518
383 682
384 412
384 448
384 674
385 590
386 605
387 529
387 556
387 574
387 601
387 602
387 665
388 497
388 529
389 548
389 633
389 687
389 705
390 432
390 530
390 574
390 622
390 662
390 711
391 531
391 567
391 608
393 437
393 442
393 497
393 518
393 532
394 503
394 620
394 679
394 693
395 419
395 427
395 467
395 528
395 587
395 608
397 469
397 538
398 442
398 495
398 659
398 683
399 476
399 503
399 599
400 579
401 456
401 458
401 650
402 576
403 445
403 464
403 500
403 713
404 468
404 629
405 626
405 715
406 535
408 414
409 628
410 543
410 688
411 524
411 552
412 428
412 475
412 483
412 535
413 639
414 450
415 421
415 651
415 656
416 434
416 470
416 646
417 573
417 577
417 671
418 482
418 528
418 536
418 656
418 717
419 510
420 703
421 443
421 513
421 517
422 517
422 568
422 585
423 494
423 646
423 689
424 689
425 506
425 636
425 701
425 714
426 447
426 478
427 574
427 615
427 625
428 433
428 496
428 606
428 687
428 702
429 497
429 542
429 648
429 692
430 520
431 463
431 494
431 529
431 625
431 711
432 512
432 552
432 635
432 638
432 640
433 459
433 460
433 599
434 472
434 534
434 660
435 472
435 641
435 651
435 688
436 596
436 612
436 619
436 664
437 552
437 666
438 674
439 623
439 643
439 682
440 487
441 530
441 598
441 611
442 530
442 534
442 549
442 680
443 461
443 705
443 713
443 714
444 614
445 489
445 503
445 598
445 609
445 627
445 662
445 710
446 528
446 572
446 661
447 495
447 531
448 481
448 496
448 672
449 490
449 563
449 687
450 514
450 664
451 631
452 702
453 513
453 578
453 582
454 658
455 466
455 469
455 544
455 648
457 607
457 646
457 656
458 500
458 592
458 644
459 596
460 618
461 529
461 553
461 671
462 644
464 488
464 588
464 666
465 633
466 553
466 621
467 544
467 636
468 524
469 503
469 713
471 585
472 519
472 704
474 495
474 606
474 622
474 656
474 698
475 544
475 549
476 518
476 631
476 632
476 675
476 682
476 717
477 515
477 556
477 694
477 698
478 608
478 644
480 537
480 559
480 681
480 711
481 596
481 616
482 675
483 528
483 598
483 600
484 660
484 703
486 578
486 599
487 505
487 585
488 544
489 497
489 558
489 575
489 586
490 578
490 667
491 551
492 624
492 652
492 654
493 591
493 608
493 699
494 548
494 571
494 705
495 499
495 523
496 600
497 546
497 606
497 620
497 631
498 681
499 527
499 548
499 556
500 525
500 565
501 535
501 536
501 565
501 671
502 510
502 572
502 700
503 554
505 608
505 634
505 703
506 536
507 628
507 671
507 685
508 529
508 574
508 588
508 601
508 610
508 629
509 541
509 656
509 692
510 575
511 572
511 708
512 600
512 636
513 543
513 567
513 645
514 542
515 628
516 605
516 700
517 564
518 581
519 596
519 622
521 591
521 610
521 654
523 527
523 574
523 679
524 646
525 619
525 705
527 533
528 665
528 713
529 592
529 626
530 654
531 555
531 591
531 613
531 615
532 599
532 609
532 641
532 696
533 620
534 564
535 679
535 712
536 622
537 716
538 568
538 595
538 638
539 621
539 631
539 636
540 594
541 595
542 552
542 572
542 588
542 642
542 658
542 670
545 553
547 652
547 708
549 617
549 685
552 714
553 636
553 676
553 696
554 638
555 604
555 611
555 643
555 652
555 656
556 648
556 710
557 597
557 621
558 574
558 606
559 647
561 588
563 667
563 681
565 571
567 666
568 617
569 640
570 629
570 686
573 666
574 609
577 609
577 662
578 604
578 626
579 657
580 662
580 669
581 652
581 712
582 679
584 626
584 692
585 698
586 640
588 703
589 683
591 672
593 630
593 693
594 712
596 702
598 622
598 649
599 660
599 685
600 634
605 669
608 655
610 713
611 701
612 654
612 668
613 618
613 656
615 708
616 619
616 665
617 660
618 693
624 630
628 663
628 695
630 662
630 712
631 645
631 678
635 704
636 690
637 674
637 714
638 694
638 697
641 712
643 694
645 683
645 694
647 695
648 709
650 670
650 690
651 712
652 676
653 658
656 660
658 666
658 681
659 707
663 681
672 695
675 713
688 700
688 704
688 711
690 715
690 717
696 716
703 709
718 687
718 719
718 720
718 721
719 580
719 720
719 721
720 118
720 721
721 678
