833 3312
0 1
0 2
0 3
0 4
0 5
0 6
0 7
0 8
0 9
0 10
0 11
0 12
0 13
0 14
0 15
0 16
0 17
0 18
0 19
0 20
0 21
0 22
0 23
0 24
0 25
0 26
0 27
0 28
0 29
0 30
0 31
0 32
0 33
0 34
0 35
0 36
0 37
0 38
0 39
0 40
0 41
0 42
0 43
0 44
0 45
0 46
0 47
0 48
0 49
0 50
0 51
0 52
0 53
0 54
0 55
0 56
0 57
0 58
0 59
0 60
0 61
0 62
0 63
0 64
0 65
0 66
0 67
0 68
0 69
0 70
0 71
0 72
0 73
0 74
0 75
0 76
0 77
0 78
0 79
0 80
0 81
0 82
0 83
0 84
0 85
0 86
0 87
0 88
0 89
0 90
0 91
0 92
0 93
0 94
0 95
0 96
0 97
0 98
0 99
0 100
0 101
0 102
0 103
0 104
0 105
0 106
0 107
0 108
0 109
0 110
0 111
0 112
0 113
0 114
0 115
0 116
0 117
0 118
0 119
0 120
0 121
0 122
0 123
0 124
0 125
0 126
0 127
0 128
0 129
0 130
0 131
0 132
0 133
0 134
0 135
0 136
0 137
0 138
0 139
0 140
0 141
0 142
0 143
0 144
0 145
0 146
0 147
0 148
0 149
0 150
0 151
0 152
0 153
0 154
0 155
0 156
0 157
0 158
0 159
0 160
0 161
0 162
0 163
0 164
0 165
0 166
0 167
0 168
0 169
0 170
0 171
0 172
0 173
0 174
0 175
0 176
0 177
0 178
0 179
0 180
0 181
0 182
0 183
0 184
0 185
0 186
0 187
0 188
0 189
0 190
0 191
0 192
0 193
0 194
0 195
0 196
0 197
0 198
0 199
0 200
0 201
0 202
0 203
0 204
0 205
0 206
0 207
0 208
0 209
0 210
0 211
0 212
0 213
0 214
0 215
0 216
0 217
0 218
0 219
0 220
0 221
0 222
0 223
0 224
0 225
0 226
0 227
0 228
0 229
0 230
0 231
0 232
0 233
0 234
0 235
0 236
0 237
0 238
0 239
0 240
0 241
0 242
0 243
0 244
0 245
0 246
0 247
0 248
0 249
0 250
0 251
0 252
0 253
0 254
0 255
0 256
0 257
0 258
0 259
0 260
0 261
0 262
0 263
0 264
0 265
0 266
0 267
0 268
0 269
0 270
0 271
0 272
0 273
0 274
0 275
0 276
0 277
0 278
0 279
0 280
0 281
0 282
0 283
0 284
0 285
0 286
0 287
0 288
0 289
0 290
0 291
0 292
0 293
0 294
0 295
0 296
0 297
0 298
0 299
0 300
0 301
0 302
0 303
0 304
0 305
0 306
0 307
0 308
0 309
0 310
0 311
0 312
0 313
0 314
0 315
0 316
0 317
0 318
0 319
0 320
0 321
0 322
0 323
0 324
0 325
0 326
0 327
0 328
0 329
0 330
0 331
0 332
0 333
0 334
0 335
0 336
0 337
0 338
0 339
0 340
0 341
0 342
0 343
0 344
0 345
0 346
0 347
0 348
0 349
0 350
0 351
0 352
0 353
0 354
0 355
0 356
0 357
0 358
0 359
0 360
0 361
0 362
0 363
0 364
0 365
0 366
0 367
0 368
0 369
0 370
0 371
0 372
0 373
0 374
0 375
0 376
0 377
0 378
0 379
0 380
0 381
0 382
0 383
0 384
0 385
0 386
0 387
0 388
0 389
0 390
0 391
0 392
0 393
0 394
0 395
0 396
0 397
0 398
0 399
0 400
0 401
0 402
0 403
0 404
0 405
0 406
0 407
0 408
0 409
0 410
0 411
0 412
0 413
0 414
0 415
0 416
0 417
0 418
0 419
0 420
0 421
0 422
0 423
0 424
0 425
0 426
0 427
0 428
0 429
0 430
0 431
0 432
0 433
0 434
0 435
0 436
0 437
0 438
0 439
0 440
0 441
0 442
0 443
0 444
0 445
0 446
0 447
0 448
0 449
0 450
0 451
0 452
0 453
0 454
0 455
0 456
0 457
0 458
0 459
0 460
0 461
0 462
0 463
0 464
0 465
0 466
0 467
0 468
0 469
0 470
0 471
0 472
0 473
0 474
0 475
0 476
0 477
0 478
0 479
0 480
0 481
0 482
0 483
0 484
0 485
0 486
0 487
0 488
0 489
0 490
0 491
0 492
0 493
0 494
0 495
0 496
0 497
0 498
0 499
0 500
0 501
0 502
0 503
0 504
0 505
0 506
0 507
0 508
0 509
0 510
0 511
0 512
0 513
0 514
0 515
0 516
0 517
0 518
0 519
0 520
0 521
0 522
0 523
0 524
0 525
0 526
0 527
0 528
0 529
0 530
0 531
0 532
0 533
0 534
0 535
0 536
0 537
0 538
0 539
0 540
0 541
0 542
0 543
0 544
0 545
0 546
0 547
0 548
0 549
0 550
0 551
0 552
0 553
0 554
0 555
0 556
0 557
0 558
0 559
0 560
0 561
0 562
0 563
0 564
0 565
0 566
0 567
0 568
0 569
0 570
0 571
0 572
0 573
0 574
0 575
0 576
0 577
0 578
0 579
0 580
0 581
0 582
0 583
0 584
0 585
0 586
0 587
0 588
0 589
0 590
0 591
0 592
0 593
0 594
0 595
0 596
0 597
0 598
0 599
0 600
0 601
0 602
0 603
0 604
0 605
0 606
0 607
0 608
0 609
0 610
0 611
0 612
0 613
0 614
0 615
0 616
0 617
0 618
0 619
0 620
0 621
0 622
0 623
0 624
0 625
0 626
0 627
0 628
0 629
0 630
0 631
0 632
0 633
0 634
0 635
0 636
0 637
0 638
0 639
0 640
0 641
0 642
0 643
0 644
0 645
0 646
0 647
0 648
0 649
0 650
0 651
0 652
0 653
0 654
0 655
0 656
0 657
0 658
0 659
0 660
0 661
0 662
0 663
0 664
0 665
0 666
0 667
0 668
0 669
0 670
0 671
0 672
0 673
0 674
0 675
0 676
0 677
0 678
0 679
0 680
0 681
0 682
0 683
0 684
0 685
0 686
0 687
0 688
0 689
0 690
0 691
0 692
0 693
0 694
0 695
0 696
0 697
0 698
0 699
0 700
0 701
0 702
0 703
0 704
0 705
0 706
0 707
0 708
0 709
0 710
0 711
0 712
0 713
0 714
0 715
0 716
0 717
0 718
0 719
0 720
0 721
0 722
0 723
0 724
0 725
0 726
0 727
0 728
0 729
0 730
0 731
0 732
0 733
0 734
0 735
0 736
0 737
0 738
0 739
0 740
0 741
0 742
0 743
0 744
0 745
0 746
0 747
0 748
0 749
0 750
0 751
0 752
0 753
0 754
0 755
0 756
0 757
0 758
0 759
0 760
0 761
0 762
0 763
0 764
0 765
0 766
0 767
0 768
0 769
0 770
0 771
0 772
0 773
0 774
0 775
0 776
0 777
0 778
0 779
0 780
0 781
0 782
0 783
0 784
0 785
0 786
0 787
0 788
0 789
0 790
0 791
0 792
0 793
0 794
0 795
0 796
0 797
0 798
0 799
0 800
0 801
0 802
0 803
0 804
0 805
0 806
0 807
0 808
0 809
0 810
0 811
0 812
0 813
0 814
0 815
0 816
0 817
0 818
0 819
0 820
0 821
0 822
0 823
0 824
0 825
0 826
0 827
0 828
1 344
1 405
1 490
1 566
1 572
2 7
2 113
2 187
2 194
2 398
2 456
2 497
2 528
2 682
2 755
3 8
3 15
3 69
3 828
4 87
4 278
4 337
4 516
4 561
4 629
4 787
5 17
5 192
5 287
5 435
5 508
5 689
5 812
6 14
6 81
6 228
6 394
6 467
6 490
6 617
6 653
7 55
7 221
7 691
7 816
8 77
8 82
8 200
8 270
8 405
8 461
8 561
9 71
9 119
9 214
9 335
9 481
9 555
9 568
10 180
10 270
10 667
10 778
11 291
11 362
11 480
11 515
12 142
12 152
12 163
12 218
12 245
12 448
12 469
12 674
12 724
13 61
13 88
13 130
13 689
14 371
14 378
14 384
14 498
14 654
14 730
14 746
15 45
15 380
15 416
15 429
15 502
15 526
15 565
15 613
15 667
15 742
15 760
16 28
16 148
16 168
16 221
16 257
16 436
16 547
16 548
16 707
16 729
17 115
17 172
17 192
17 382
17 408
17 447
17 506
17 599
17 689
17 796
18 75
18 252
18 317
18 330
18 367
18 713
18 785
18 807
19 49
19 343
19 352
19 402
19 562
20 205
20 276
20 336
20 451
20 540
20 598
20 675
20 717
21 109
21 451
21 674
21 723
21 742
22 74
22 143
22 712
23 53
23 158
23 308
23 433
23 547
23 629
24 114
24 359
24 372
24 726
25 29
25 241
25 359
25 382
25 554
25 679
25 812
26 91
26 659
26 759
27 87
27 153
27 277
27 420
27 430
27 498
27 629
28 45
28 357
28 428
28 465
28 628
28 803
29 60
29 135
29 356
30 302
30 643
31 44
31 105
31 146
31 417
31 670
31 763
31 778
31 816
32 327
32 374
32 492
32 528
32 671
32 743
32 804
32 812
33 44
33 236
33 302
33 452
33 568
33 717
34 104
34 387
34 564
34 672
34 780
35 186
35 233
35 503
35 750
36 176
36 331
36 341
36 595
36 813
37 382
37 629
37 670
38 373
38 426
38 438
38 441
38 810
39 241
39 434
39 615
40 186
40 217
40 397
40 406
40 642
40 802
41 55
41 478
41 540
41 638
41 664
42 136
42 202
42 328
42 416
42 561
43 114
43 187
43 208
44 177
44 261
44 391
44 559
44 649
44 674
45 413
45 559
45 649
45 758
45 806
46 77
46 199
46 260
46 447
46 666
47 60
47 160
47 566
47 621
48 134
48 165
48 169
48 206
48 316
48 464
48 532
48 617
49 50
49 62
49 669
49 692
49 710
49 823
50 85
50 145
50 162
50 361
50 570
50 575
50 783
50 825
51 115
51 134
51 179
51 289
51 443
51 586
51 673
51 739
51 811
52 113
52 231
52 268
52 602
52 679
53 136
53 232
53 441
53 561
53 799
54 266
54 304
54 307
54 328
54 680
54 713
55 72
55 151
55 221
55 347
55 383
55 529
55 538
55 565
55 615
55 777
56 194
56 215
56 457
56 521
56 681
57 89
57 448
58 128
58 259
58 579
58 660
58 823
59 158
59 173
59 346
59 352
59 422
59 461
59 811
60 528
61 277
61 477
62 214
62 500
62 564
62 791
62 794
63 73
63 321
63 347
63 662
63 689
63 794
64 753
64 773
64 782
65 108
65 124
65 183
65 433
65 639
65 780
67 144
67 201
67 203
67 255
67 421
67 709
67 801
68 407
68 428
68 726
68 795
68 801
69 385
69 423
69 462
69 488
70 159
70 244
70 362
70 685
70 704
70 740
71 158
71 265
71 418
71 471
71 511
71 758
72 107
72 166
72 185
72 265
72 414
72 459
72 581
72 737
72 743
72 797
72 808
73 83
73 123
73 274
73 379
73 628
73 631
74 740
74 761
75 117
75 344
75 393
75 452
75 602
75 640
76 128
76 175
76 732
77 298
77 420
77 479
77 544
77 727
77 821
78 175
78 197
78 362
78 367
78 822
79 91
79 185
79 399
79 513
79 715
79 720
79 722
80 257
80 353
80 483
80 501
81 97
81 166
81 216
81 452
81 633
81 787
81 800
82 113
82 152
82 264
82 467
82 537
83 137
83 142
83 224
83 322
84 147
84 451
84 515
84 579
85 153
85 370
85 469
85 577
86 325
86 364
86 632
86 690
86 747
86 808
87 602
88 434
88 458
88 585
88 639
88 727
89 221
89 313
89 362
89 424
89 505
89 552
89 652
89 701
89 723
90 122
90 140
90 320
90 508
90 543
90 647
91 242
91 265
91 357
91 361
91 383
91 618
91 689
92 318
92 659
92 705
92 815
93 256
93 617
93 753
93 798
94 97
94 312
94 428
94 573
94 623
94 753
94 793
94 827
95 494
95 523
96 279
96 282
96 303
96 538
96 577
96 602
96 664
96 757
96 794
96 803
97 340
97 414
97 596
98 131
98 271
99 109
99 317
99 447
99 525
99 612
99 821
100 133
100 228
100 258
100 312
100 324
100 516
100 521
100 662
100 698
100 707
100 827
101 178
101 365
101 553
101 767
102 155
102 214
102 239
102 317
102 454
102 750
103 158
103 489
103 534
103 617
103 655
103 751
104 196
104 249
104 264
104 547
104 825
105 237
105 439
105 548
105 686
105 711
105 811
106 221
106 300
106 640
106 646
107 631
107 785
107 823
108 190
108 205
108 357
108 461
108 518
108 566
108 703
108 727
108 753
109 110
109 500
110 218
110 262
110 450
110 529
110 676
110 724
110 768
111 158
111 214
111 566
111 760
112 113
112 411
112 474
112 500
112 614
112 742
113 334
113 469
113 474
113 497
113 602
113 809
113 819
114 309
114 361
114 479
114 494
114 761
115 409
115 498
115 826
116 224
116 240
116 336
116 349
116 543
117 156
117 298
117 419
117 486
117 608
118 178
118 182
118 293
118 300
118 548
118 589
118 695
119 132
119 597
119 610
119 675
119 709
119 720
120 244
120 273
120 404
120 503
120 672
121 290
121 349
121 356
121 546
121 598
121 670
122 181
122 185
122 243
122 387
122 761
123 358
123 404
123 498
123 524
123 717
124 447
124 515
125 155
125 223
125 257
125 281
125 307
125 391
125 459
125 740
126 143
126 145
126 262
126 352
126 534
126 591
126 820
127 288
127 375
127 464
127 491
127 559
127 761
128 358
128 414
128 456
128 499
128 658
128 813
129 174
129 192
129 297
129 328
129 444
129 656
129 678
129 703
130 142
130 336
130 452
130 473
130 503
130 678
130 748
131 267
131 403
131 631
131 663
132 324
132 430
132 497
132 671
132 784
132 796
132 825
133 321
133 514
134 159
135 172
135 356
135 461
135 473
135 591
135 619
135 621
135 631
135 809
136 208
136 252
136 271
136 318
136 372
136 471
136 483
136 550
136 785
137 349
137 398
137 450
137 721
138 273
138 367
138 516
139 260
139 292
139 296
139 316
139 352
139 409
139 452
139 462
139 582
139 591
139 762
139 763
140 150
140 228
140 275
140 308
140 671
140 672
141 344
142 336
142 764
143 195
143 260
143 306
143 372
144 153
144 222
144 309
144 342
144 517
144 616
144 642
144 740
144 755
144 781
145 795
146 183
146 331
146 372
146 642
146 647
146 747
147 322
147 521
147 616
148 152
148 181
148 427
148 461
148 559
148 615
148 650
148 690
148 727
148 761
149 207
149 393
149 433
149 438
149 565
149 640
149 665
149 692
149 742
149 753
150 300
150 502
150 544
150 710
150 767
150 803
151 160
151 251
151 342
151 684
151 689
152 241
152 360
152 649
152 686
152 710
152 810
153 270
153 283
153 284
153 699
153 726
154 425
154 601
154 655
154 715
154 828
155 181
155 222
155 225
155 447
155 566
156 157
156 408
156 546
156 609
156 648
156 657
156 774
157 295
157 325
157 820
159 183
159 324
159 382
159 589
159 798
160 323
160 344
160 360
160 648
160 766
160 793
161 169
161 372
161 646
161 696
162 210
162 661
162 805
163 347
163 686
163 743
164 405
164 464
164 783
165 181
165 379
165 449
165 553
165 611
165 777
165 825
166 268
166 402
166 408
166 445
166 542
166 575
167 238
167 306
167 595
167 607
168 563
168 625
168 631
169 281
170 182
170 596
170 620
170 668
171 183
171 652
171 686
171 803
172 382
172 571
172 670
172 773
172 803
173 183
173 270
173 343
173 445
173 474
173 699
173 708
173 756
174 278
174 597
174 603
174 746
175 242
175 296
175 327
175 484
175 617
175 669
175 724
176 235
176 599
176 674
176 768
176 786
177 280
177 341
177 343
177 359
177 586
177 789
178 188
178 280
178 746
178 801
179 188
179 207
179 292
179 501
179 557
179 659
179 803
180 234
180 264
180 454
180 663
181 205
181 351
181 578
182 211
182 296
182 368
182 435
182 631
182 646
183 346
183 441
183 519
184 189
184 344
184 385
185 234
185 647
185 740
185 762
186 260
186 271
186 287
186 298
186 422
186 463
186 473
186 714
187 221
187 267
187 325
187 379
187 484
187 565
188 283
188 453
188 513
188 589
188 796
188 822
189 580
189 674
189 689
190 227
190 231
190 269
190 280
190 403
190 625
190 685
190 720
190 732
191 233
191 250
191 261
191 330
191 375
191 428
191 528
191 541
191 757
191 788
192 349
192 635
193 362
193 476
193 523
194 335
195 564
195 583
195 658
196 210
196 734
197 245
197 284
197 370
197 407
197 571
197 708
198 353
198 435
198 474
198 479
198 577
198 682
198 739
199 454
199 623
199 656
199 761
200 246
200 274
200 332
200 510
200 515
200 553
200 708
201 523
201 589
201 732
202 231
202 464
202 546
203 299
203 331
203 587
204 314
204 570
204 632
204 714
205 271
205 391
205 457
206 448
206 592
207 210
207 660
207 776
207 778
208 215
209 243
209 396
209 496
210 256
210 434
210 490
210 516
210 578
210 773
211 452
211 489
211 511
212 245
212 327
212 350
212 595
212 711
212 770
212 803
214 298
214 346
214 528
214 530
214 748
215 323
215 377
215 443
215 477
215 584
215 642
215 712
215 798
216 224
216 254
216 264
216 265
216 557
216 674
217 566
217 571
217 644
217 801
218 573
218 583
218 640
218 668
218 728
218 780
219 255
219 381
219 617
219 735
220 297
220 388
220 597
220 673
220 689
220 771
221 822
222 299
222 440
222 718
222 812
223 619
223 671
223 758
223 777
224 256
224 298
224 428
224 501
224 660
224 736
224 825
225 403
225 763
226 277
226 711
226 818
227 608
227 661
227 671
227 697
227 822
228 665
228 678
228 787
229 388
229 563
229 634
229 636
230 344
230 545
230 680
230 790
231 245
231 271
231 665
231 809
232 292
232 348
232 376
232 413
232 714
233 248
233 277
233 339
233 570
233 688
234 235
234 331
234 477
234 526
234 586
234 646
234 711
234 772
235 467
235 505
235 583
235 720
235 731
236 238
236 371
236 677
236 754
237 479
237 666
238 666
238 685
238 722
238 817
239 256
239 327
239 560
239 561
239 690
240 262
240 269
240 306
240 440
240 527
240 563
240 644
240 761
240 806
241 292
241 546
241 553
241 629
241 651
241 720
242 410
242 454
242 469
242 533
242 593
242 717
242 788
242 799
243 253
243 511
243 515
244 547
245 274
245 640
245 716
246 380
246 387
246 473
246 560
246 744
247 251
247 310
247 338
247 339
247 369
247 499
247 579
247 735
248 645
248 656
249 313
249 651
249 737
249 754
249 790
250 466
250 783
251 283
251 287
251 481
251 501
251 653
251 697
252 325
252 504
252 581
252 639
252 773
253 372
253 694
253 808
254 477
254 550
254 553
254 574
254 671
255 619
256 309
256 426
256 596
256 673
256 764
256 769
257 510
257 556
257 612
257 671
257 743
258 533
258 556
259 265
259 542
259 821
260 360
260 413
260 440
260 490
260 652
260 657
261 265
261 341
261 553
261 657
261 817
262 280
262 397
262 467
262 733
262 790
263 335
263 678
264 388
264 492
264 627
265 267
265 304
265 335
265 520
265 649
265 760
265 774
266 566
266 716
267 297
267 372
267 446
267 661
268 505
268 524
268 584
268 601
268 761
269 358
269 377
269 542
270 276
270 581
270 635
270 758
270 814
271 431
271 634
272 478
272 605
272 688
272 792
273 621
273 744
273 784
273 813
274 546
274 582
275 280
275 384
275 465
275 472
275 597
275 603
275 604
276 414
276 502
276 586
276 613
276 762
277 289
277 763
277 813
278 544
278 611
278 722
279 344
279 550
279 641
279 807
280 298
280 344
280 501
280 547
281 378
281 625
281 660
281 698
281 719
282 297
282 306
282 462
282 475
282 700
282 721
282 744
283 360
283 406
283 440
283 500
283 535
283 656
283 758
284 412
284 659
284 721
284 749
285 356
285 391
285 490
285 715
286 297
286 418
286 727
286 770
286 775
286 777
286 781
286 815
287 337
287 556
287 583
287 599
287 651
287 719
287 772
287 777
288 393
288 517
288 734
288 827
289 441
289 694
289 695
289 787
289 808
290 318
290 639
290 693
290 718
291 453
291 587
291 637
291 662
291 727
291 758
291 774
292 313
292 347
292 415
292 426
292 490
292 642
292 687
292 740
292 776
292 819
293 487
293 790
294 679
294 704
295 298
295 345
295 433
295 452
295 555
295 588
295 595
296 691
297 562
297 624
297 656
297 725
298 385
298 550
298 560
298 580
298 598
298 626
298 663
299 323
299 359
299 378
299 594
299 651
299 694
299 715
299 806
300 418
300 433
300 521
300 530
300 714
301 617
301 694
301 703
301 748
302 376
302 402
302 418
302 431
302 697
302 708
302 734
303 439
303 661
303 712
303 799
304 312
304 328
304 425
304 602
304 770
305 610
305 634
305 737
305 783
306 537
306 652
306 709
306 803
307 343
307 761
308 324
308 406
308 565
308 735
309 638
309 657
310 431
310 477
310 612
310 668
311 326
311 437
311 476
311 505
311 761
311 774
312 411
312 535
312 538
312 547
312 580
312 818
313 573
313 763
314 820
315 352
315 413
315 431
315 597
315 746
316 445
316 454
316 745
316 752
317 501
318 518
320 336
320 377
320 802
321 390
321 527
321 536
321 549
321 728
321 823
322 336
322 438
322 512
322 566
322 591
322 607
322 635
322 728
323 349
323 391
323 435
323 569
325 341
325 406
325 495
325 503
326 344
326 416
326 487
327 507
327 532
328 371
328 614
328 648
328 744
328 760
329 478
329 539
329 690
329 692
329 768
330 647
331 334
331 571
331 576
331 668
331 669
332 452
333 471
333 645
333 665
333 678
334 473
334 733
335 530
335 547
335 587
335 725
335 757
336 491
336 508
336 512
337 479
337 768
338 654
338 677
340 365
340 367
340 444
340 700
341 407
341 436
341 444
341 524
341 607
341 635
342 356
342 528
342 821
343 398
343 567
343 598
343 788
344 455
344 572
344 585
344 607
344 753
345 499
346 392
346 595
346 695
346 701
346 704
346 826
347 413
347 428
347 528
348 372
348 572
348 602
348 808
348 814
349 428
349 508
349 606
349 681
350 406
350 481
350 514
350 649
350 700
350 731
350 733
351 503
351 764
351 817
351 827
352 374
352 477
352 481
353 415
353 575
353 733
353 778
354 369
354 381
354 399
354 701
354 756
355 364
355 563
355 613
355 642
355 677
355 788
356 380
356 603
357 429
357 531
357 692
358 424
358 493
358 537
358 585
358 648
358 782
359 398
359 416
359 523
359 615
360 407
360 527
360 570
360 683
361 479
361 748
361 786
362 665
363 636
363 784
364 633
364 760
364 774
365 394
365 424
365 597
365 710
365 783
366 637
366 765
366 788
366 800
367 604
367 629
368 414
368 420
369 453
369 537
369 750
369 787
369 801
370 473
370 559
370 648
371 506
371 654
372 476
372 705
372 818
373 382
373 448
373 567
374 544
374 668
375 399
375 550
375 586
375 659
375 751
376 609
377 510
377 547
377 809
378 523
378 745
379 506
379 550
379 602
379 810
379 826
380 450
380 682
381 474
381 555
381 701
382 785
383 586
384 473
384 521
385 446
385 631
385 650
385 778
386 499
386 606
387 513
387 688
388 646
388 723
388 731
388 807
389 534
389 566
389 741
389 825
390 431
390 432
390 565
390 576
390 600
390 632
390 721
390 809
393 463
393 553
393 573
393 672
393 698
393 775
394 605
394 751
394 819
395 504
395 665
395 731
395 760
395 763
395 814
398 701
398 784
399 561
399 652
399 659
399 674
400 574
401 483
401 518
401 777
402 480
402 639
402 730
402 828
403 446
403 596
403 726
404 706
405 450
405 520
405 798
406 534
406 584
406 812
407 419
407 636
407 753
407 774
407 779
408 431
408 596
408 656
409 436
409 503
409 524
409 556
410 580
410 781
411 478
411 525
413 474
413 596
414 577
414 587
414 718
415 669
415 792
416 620
416 666
417 636
417 659
417 678
418 437
418 447
419 640
419 685
419 712
419 716
419 815
419 816
420 637
420 662
420 799
421 501
421 600
421 658
421 660
421 740
422 461
423 585
423 645
424 485
424 660
424 707
425 620
425 625
425 785
426 552
426 596
427 458
427 554
427 819
428 468
428 751
428 760
428 767
429 448
429 474
429 629
429 702
430 488
430 530
430 703
430 712
431 717
432 496
432 570
433 467
433 484
433 645
434 714
434 774
434 798
435 506
435 554
435 675
435 738
436 601
436 648
436 718
436 728
436 769
436 808
437 561
437 665
438 525
438 589
438 616
438 767
438 815
439 716
440 493
440 518
440 611
440 694
440 824
441 552
441 597
442 640
443 583
444 606
444 813
445 557
445 564
445 702
445 705
445 817
446 731
447 487
447 527
447 612
447 731
447 789
448 635
448 818
449 514
449 610
449 764
450 536
450 635
450 809
451 784
452 613
452 803
453 679
454 513
454 810
455 467
455 493
455 555
455 563
456 794
457 462
457 497
457 771
458 515
458 530
458 638
459 682
459 811
460 486
460 546
460 769
461 513
461 658
462 536
463 581
464 482
464 515
464 824
465 645
465 657
466 468
467 600
467 669
467 805
468 475
468 493
469 752
469 778
470 738
470 785
471 577
471 770
471 824
471 826
472 615
472 696
473 625
473 679
473 762
473 780
473 805
475 573
475 771
477 501
477 672
478 520
479 660
479 783
480 591
480 612
480 646
480 767
481 598
481 620
481 784
481 810
482 775
482 820
483 538
483 649
484 495
484 546
484 572
484 600
484 716
485 763
485 776
485 828
486 570
486 613
486 764
487 536
487 583
487 695
488 610
488 626
488 786
488 801
489 599
489 759
490 767
490 785
490 811
491 641
492 519
492 703
492 819
493 701
493 800
493 818
494 755
494 820
496 797
497 554
498 724
498 742
499 560
499 579
499 790
499 812
500 502
500 535
500 787
501 619
501 702
501 734
501 779
502 527
502 575
502 584
502 674
502 692
503 777
503 801
504 553
504 765
505 603
505 659
506 597
506 632
506 719
507 697
507 796
508 576
508 718
508 785
509 535
510 525
511 549
511 552
511 629
511 745
511 785
512 781
513 584
513 655
513 779
513 818
514 636
515 533
515 648
515 718
516 687
517 528
517 535
517 560
517 672
517 692
517 717
517 820
518 544
518 586
518 664
518 772
518 798
519 537
519 553
519 607
519 708
521 765
522 584
522 811
524 531
524 647
524 714
525 535
525 542
525 714
526 587
526 816
527 677
527 752
527 777
529 601
529 803
530 578
530 648
532 619
533 625
534 600
534 822
535 550
535 559
535 566
535 775
536 763
537 587
537 749
538 765
539 642
539 675
539 687
540 597
541 604
541 663
541 668
542 597
542 624
542 744
543 703
543 738
543 749
544 745
549 621
549 721
549 724
550 807
551 604
551 643
552 690
552 810
553 577
553 708
553 715
554 588
554 675
554 814
556 758
557 565
557 637
557 659
557 732
557 787
558 560
558 572
559 669
559 767
559 824
561 607
562 618
562 634
562 658
562 752
563 662
563 664
563 772
563 804
564 586
564 656
564 753
565 649
565 809
566 770
567 670
567 721
567 778
568 696
568 788
569 639
569 646
569 693
569 727
569 746
570 659
570 747
571 726
571 787
572 690
573 588
573 640
573 691
573 781
574 602
574 701
574 801
576 697
576 699
577 679
578 632
578 692
580 708
581 654
581 696
582 762
583 620
583 685
583 693
584 817
585 772
586 703
587 698
587 824
588 760
589 628
589 674
589 711
591 821
592 620
592 652
592 663
593 611
593 775
594 602
594 628
595 807
595 810
597 656
597 686
597 714
598 741
598 814
599 738
601 711
602 776
603 617
603 739
604 805
605 776
605 783
608 753
609 633
609 650
609 825
610 660
611 731
612 677
613 769
614 631
614 702
614 735
614 771
614 795
615 761
615 784
616 665
616 766
617 640
618 739
619 677
619 735
619 766
620 650
622 721
622 730
622 790
623 744
624 757
624 764
625 795
626 634
626 788
628 789
629 647
629 714
629 751
631 771
632 754
634 646
634 670
636 733
636 768
636 774
638 678
639 647
639 698
640 658
640 769
641 647
641 697
641 809
642 664
642 826
643 675
643 753
644 682
644 714
644 786
645 738
646 658
646 797
647 795
648 664
648 794
650 733
652 730
652 745
652 818
653 690
653 756
655 745
656 662
656 734
656 748
656 821
657 662
658 700
658 710
659 727
660 713
662 689
662 793
664 675
664 738
665 768
666 712
667 699
667 726
670 727
671 823
672 735
672 764
673 792
676 816
677 734
678 734
678 770
678 776
679 681
679 785
679 799
680 699
681 727
682 808
683 703
683 826
684 717
685 758
686 697
688 711
689 719
690 787
693 778
696 709
701 756
703 717
703 744
704 727
705 806
705 810
706 707
708 775
708 797
710 823
711 743
711 754
711 756
713 730
713 736
714 755
714 826
716 735
716 812
719 745
721 743
722 826
724 759
724 818
728 743
735 807
735 816
740 772
742 772
742 774
743 765
744 803
747 759
749 760
749 786
752 776
752 780
753 803
755 756
755 790
755 802
756 759
757 807
757 826
758 785
759 816
761 820
762 823
771 805
774 791
774 808
776 777
781 788
784 803
793 795
798 808
810 825
829 264
829 830
829 831
829 832
830 49
830 831
830 832
831 44
831 832
832 382
