907 3603
0 1
0 2
0 3
0 4
0 5
0 6
0 7
0 8
0 9
0 10
0 11
0 12
0 13
0 14
0 15
0 16
0 17
0 18
0 19
0 20
0 21
0 22
0 23
0 24
0 25
0 26
0 27
0 28
0 29
0 30
0 31
0 32
0 33
0 34
0 35
0 36
0 37
0 38
0 39
0 40
0 41
0 42
0 43
0 44
0 45
0 46
0 47
0 48
0 49
0 50
0 51
0 52
0 53
0 54
0 55
0 56
0 57
0 58
0 59
0 60
0 61
0 62
0 63
0 64
0 65
0 66
0 67
0 68
0 69
0 70
0 71
0 72
0 73
0 74
0 75
0 76
0 77
0 78
0 79
0 80
0 81
0 82
0 83
0 84
0 85
0 86
0 87
0 88
0 89
0 90
0 91
0 92
0 93
0 94
0 95
0 96
0 97
0 98
0 99
0 100
0 101
0 102
0 103
0 104
0 105
0 106
0 107
0 108
0 109
0 110
0 111
0 112
0 113
0 114
0 115
0 116
0 117
0 118
0 119
0 120
0 121
0 122
0 123
0 124
0 125
0 126
0 127
0 128
0 129
0 130
0 131
0 132
0 133
0 134
0 135
0 136
0 137
0 138
0 139
0 140
0 141
0 142
0 143
0 144
0 145
0 146
0 147
0 148
0 149
0 150
0 151
0 152
0 153
0 154
0 155
0 156
0 157
0 158
0 159
0 160
0 161
0 162
0 163
0 164
0 165
0 166
0 167
0 168
0 169
0 170
0 171
0 172
0 173
0 174
0 175
0 176
0 177
0 178
0 179
0 180
0 181
0 182
0 183
0 184
0 185
0 186
0 187
0 188
0 189
0 190
0 191
0 192
0 193
0 194
0 195
0 196
0 197
0 198
0 199
0 200
0 201
0 202
0 203
0 204
0 205
0 206
0 207
0 208
0 209
0 210
0 211
0 212
0 213
0 214
0 215
0 216
0 217
0 218
0 219
0 220
0 221
0 222
0 223
0 224
0 225
0 226
0 227
0 228
0 229
0 230
0 231
0 232
0 233
0 234
0 235
0 236
0 237
0 238
0 239
0 240
0 241
0 242
0 243
0 244
0 245
0 246
0 247
0 248
0 249
0 250
0 251
0 252
0 253
0 254
0 255
0 256
0 257
0 258
0 259
0 260
0 261
0 262
0 263
0 264
0 265
0 266
0 267
0 268
0 269
0 270
0 271
0 272
0 273
0 274
0 275
0 276
0 277
0 278
0 279
0 280
0 281
0 282
0 283
0 284
0 285
0 286
0 287
0 288
0 289
0 290
0 291
0 292
0 293
0 294
0 295
0 296
0 297
0 298
0 299
0 300
0 301
0 302
0 303
0 304
0 305
0 306
0 307
0 308
0 309
0 310
0 311
0 312
0 313
0 314
0 315
0 316
0 317
0 318
0 319
0 320
0 321
0 322
0 323
0 324
0 325
0 326
0 327
0 328
0 329
0 330
0 331
0 332
0 333
0 334
0 335
0 336
0 337
0 338
0 339
0 340
0 341
0 342
0 343
0 344
0 345
0 346
0 347
0 348
0 349
0 350
0 351
0 352
0 353
0 354
0 355
0 356
0 357
0 358
0 359
0 360
0 361
0 362
0 363
0 364
0 365
0 366
0 367
0 368
0 369
0 370
0 371
0 372
0 373
0 374
0 375
0 376
0 377
0 378
0 379
0 380
0 381
0 382
0 383
0 384
0 385
0 386
0 387
0 388
0 389
0 390
0 391
0 392
0 393
0 394
0 395
0 396
0 397
0 398
0 399
0 400
0 401
0 402
0 403
0 404
0 405
0 406
0 407
0 408
0 409
0 410
0 411
0 412
0 413
0 414
0 415
0 416
0 417
0 418
0 419
0 420
0 421
0 422
0 423
0 424
0 425
0 426
0 427
0 428
0 429
0 430
0 431
0 432
0 433
0 434
0 435
0 436
0 437
0 438
0 439
0 440
0 441
0 442
0 443
0 444
0 445
0 446
0 447
0 448
0 449
0 450
0 451
0 452
0 453
0 454
0 455
0 456
0 457
0 458
0 459
0 460
0 461
0 462
0 463
0 464
0 465
0 466
0 467
0 468
0 469
0 470
0 471
0 472
0 473
0 474
0 475
0 476
0 477
0 478
0 479
0 480
0 481
0 482
0 483
0 484
0 485
0 486
0 487
0 488
0 489
0 490
0 491
0 492
0 493
0 494
0 495
0 496
0 497
0 498
0 499
0 500
0 501
0 502
0 503
0 504
0 505
0 506
0 507
0 508
0 509
0 510
0 511
0 512
0 513
0 514
0 515
0 516
0 517
0 518
0 519
0 520
0 521
0 522
0 523
0 524
0 525
0 526
0 527
0 528
0 529
0 530
0 531
0 532
0 533
0 534
0 535
0 536
0 537
0 538
0 539
0 540
0 541
0 542
0 543
0 544
0 545
0 546
0 547
0 548
0 549
0 550
0 551
0 552
0 553
0 554
0 555
0 556
0 557
0 558
0 559
0 560
0 561
0 562
0 563
0 564
0 565
0 566
0 567
0 568
0 569
0 570
0 571
0 572
0 573
0 574
0 575
0 576
0 577
0 578
0 579
0 580
0 581
0 582
0 583
0 584
0 585
0 586
0 587
0 588
0 589
0 590
0 591
0 592
0 593
0 594
0 595
0 596
0 597
0 598
0 599
0 600
0 601
0 602
0 603
0 604
0 605
0 606
0 607
0 608
0 609
0 610
0 611
0 612
0 613
0 614
0 615
0 616
0 617
0 618
0 619
0 620
0 621
0 622
0 623
0 624
0 625
0 626
0 627
0 628
0 629
0 630
0 631
0 632
0 633
0 634
0 635
0 636
0 637
0 638
0 639
0 640
0 641
0 642
0 643
0 644
0 645
0 646
0 647
0 648
0 649
0 650
0 651
0 652
0 653
0 654
0 655
0 656
0 657
0 658
0 659
0 660
0 661
0 662
0 663
0 664
0 665
0 666
0 667
0 668
0 669
0 670
0 671
0 672
0 673
0 674
0 675
0 676
0 677
0 678
0 679
0 680
0 681
0 682
0 683
0 684
0 685
0 686
0 687
0 688
0 689
0 690
0 691
0 692
0 693
0 694
0 695
0 696
0 697
0 698
0 699
0 700
0 701
0 702
0 703
0 704
0 705
0 706
0 707
0 708
0 709
0 710
0 711
0 712
0 713
0 714
0 715
0 716
0 717
0 718
0 719
0 720
0 721
0 722
0 723
0 724
0 725
0 726
0 727
0 728
0 729
0 730
0 731
0 732
0 733
0 734
0 735
0 736
0 737
0 738
0 739
0 740
0 741
0 742
0 743
0 744
0 745
0 746
0 747
0 748
0 749
0 750
0 751
0 752
0 753
0 754
0 755
0 756
0 757
0 758
0 759
0 760
0 761
0 762
0 763
0 764
0 765
0 766
0 767
0 768
0 769
0 770
0 771
0 772
0 773
0 774
0 775
0 776
0 777
0 778
0 779
0 780
0 781
0 782
0 783
0 784
0 785
0 786
0 787
0 788
0 789
0 790
0 791
0 792
0 793
0 794
0 795
0 796
0 797
0 798
0 799
0 800
0 801
0 802
0 803
0 804
0 805
0 806
0 807
0 808
0 809
0 810
0 811
0 812
0 813
0 814
0 815
0 816
0 817
0 818
0 819
0 820
0 821
0 822
0 823
0 824
0 825
0 826
0 827
0 828
0 829
0 830
0 831
0 832
0 833
0 834
0 835
0 836
0 837
0 838
0 839
0 840
0 841
0 842
0 843
0 844
0 845
0 846
0 847
0 848
0 849
0 850
0 851
0 852
0 853
0 854
0 855
0 856
0 857
0 858
0 859
0 860
0 861
0 862
0 863
0 864
0 865
0 866
0 867
0 868
0 869
0 870
0 871
0 872
0 873
0 874
0 875
0 876
0 877
0 878
0 879
0 880
0 881
0 882
0 883
0 884
0 885
0 886
0 887
0 888
0 889
0 890
0 891
0 892
0 893
0 894
0 895
0 896
0 897
0 898
0 899
0 900
0 901
0 902
1 26
1 33
1 111
1 145
1 691
1 782
1 879
1 881
1 898
2 11
2 17
2 679
2 808
3 29
3 129
3 511
3 705
3 771
4 7
4 81
4 183
4 332
4 344
4 450
4 756
5 62
5 166
5 475
5 510
5 528
5 594
5 598
6 285
6 392
6 500
6 522
6 632
6 741
6 776
7 187
7 298
7 526
8 182
8 212
8 256
8 305
8 406
8 538
8 583
8 672
8 769
9 244
9 284
9 407
9 556
9 584
9 644
9 711
10 85
10 169
10 334
10 485
10 599
10 605
10 779
10 881
11 44
11 161
11 185
11 410
11 468
11 551
11 586
11 893
12 361
12 411
12 491
12 518
12 663
12 669
12 681
12 773
12 788
13 67
13 76
13 198
13 365
13 499
13 607
13 623
13 831
13 850
13 897
14 411
14 527
14 692
14 821
15 111
15 297
15 366
15 577
15 863
15 880
16 66
16 127
16 250
16 270
16 289
16 301
16 364
16 402
16 456
16 540
16 819
16 884
16 899
17 156
17 158
17 397
17 509
17 517
17 609
17 688
18 24
18 267
18 521
18 547
19 95
19 360
19 577
19 578
19 713
19 735
19 891
19 900
20 241
20 368
20 450
20 576
20 606
20 658
21 183
21 354
22 209
22 220
22 277
22 374
22 570
22 583
22 633
22 763
23 57
23 213
23 320
23 338
23 429
23 544
23 587
23 655
23 831
23 883
24 231
24 275
24 814
25 91
25 94
25 126
25 800
26 91
26 146
26 487
26 506
26 615
26 697
27 323
28 32
28 74
28 701
29 181
29 709
30 220
30 738
31 151
31 154
31 241
31 279
31 308
31 322
31 326
31 528
32 66
32 78
32 94
32 131
32 405
33 67
33 111
33 130
33 157
33 315
33 485
33 503
33 590
33 775
34 483
34 597
34 765
35 57
35 631
35 730
35 872
36 101
36 265
36 416
36 432
36 541
36 601
36 788
36 869
37 71
37 145
37 210
37 215
37 229
37 267
37 287
37 299
37 537
37 544
37 843
37 863
38 70
38 83
38 288
38 677
38 746
39 53
39 342
39 771
39 841
39 870
39 890
39 900
40 139
40 573
40 775
41 63
41 99
41 132
41 231
41 257
41 414
41 521
42 53
42 79
42 96
42 177
42 243
42 471
42 498
42 598
42 836
42 857
42 884
43 96
43 135
43 191
43 253
43 373
43 441
43 533
43 701
43 706
43 790
43 803
44 140
44 160
44 268
44 465
44 730
44 839
44 857
45 105
45 128
45 511
45 529
46 479
46 613
46 706
47 215
47 296
47 597
47 779
47 838
48 161
48 320
48 691
49 68
49 139
49 222
49 223
49 358
49 435
49 482
49 557
49 821
50 197
50 407
50 658
51 118
51 333
51 742
51 752
51 818
51 899
52 120
52 251
52 292
52 647
52 799
52 880
53 98
53 302
53 340
53 388
53 792
53 849
54 107
54 254
54 481
54 586
54 762
55 278
55 281
55 328
55 557
55 717
55 823
55 854
56 248
56 252
56 324
56 401
56 561
56 623
56 783
56 820
57 87
57 353
57 552
57 587
57 589
57 667
57 732
57 889
58 180
58 202
58 326
58 718
58 738
58 763
58 768
58 800
59 138
59 350
59 525
59 598
59 812
60 166
60 263
60 297
60 420
60 446
60 657
60 797
60 808
60 894
61 79
61 160
61 293
61 776
61 788
61 802
62 349
63 66
63 105
63 594
63 714
63 767
63 789
63 869
64 201
64 328
64 498
64 542
64 740
64 781
64 853
64 875
65 86
65 236
65 281
65 465
65 554
65 776
65 797
65 824
65 866
66 306
66 406
66 409
66 719
66 779
66 856
67 137
67 251
67 262
67 318
67 426
67 438
67 483
67 509
67 710
67 771
68 138
68 409
68 739
69 96
69 339
69 375
69 399
69 601
69 667
70 420
70 432
70 496
70 640
70 666
70 667
70 703
70 725
70 726
71 269
71 280
71 427
71 437
71 577
71 587
71 650
72 152
72 253
72 446
72 572
73 159
73 175
73 310
73 468
73 670
74 296
74 570
74 580
74 604
75 220
75 277
75 330
75 331
75 399
75 593
75 653
75 664
75 689
76 168
76 189
76 541
76 694
76 774
77 212
77 294
77 308
77 479
77 511
77 750
78 219
78 239
78 396
78 634
78 856
79 186
79 348
79 385
79 647
80 94
80 200
80 276
80 428
81 82
81 519
82 151
82 404
82 429
82 461
82 536
82 776
83 84
83 606
83 806
84 150
84 159
84 536
84 592
84 641
84 669
84 749
85 134
85 233
85 283
85 426
85 467
85 478
85 586
85 671
86 472
86 776
87 464
87 510
87 547
88 195
88 257
88 606
88 619
88 640
88 893
89 137
89 173
89 259
89 463
89 524
89 576
89 589
90 286
90 306
90 597
90 610
90 767
90 776
91 125
91 334
91 617
91 699
91 718
91 760
91 791
92 714
92 768
93 422
93 432
93 615
93 769
93 775
94 125
94 367
94 500
94 707
95 697
95 896
96 105
96 208
96 318
96 546
96 652
96 835
96 901
97 303
97 416
97 477
97 500
97 770
98 311
99 120
99 213
99 325
99 328
99 361
99 399
99 442
99 444
99 465
99 501
99 829
100 263
100 322
100 657
101 269
101 309
101 724
101 842
102 371
102 888
103 139
103 185
103 275
103 276
103 353
103 404
103 894
104 635
104 643
105 112
105 329
105 817
105 847
106 336
106 384
106 387
106 653
106 745
107 192
107 262
107 485
107 565
107 685
107 871
107 884
108 130
108 426
108 897
109 124
109 169
109 503
109 714
110 248
110 428
110 470
110 664
110 811
110 821
111 403
111 404
111 776
112 276
112 338
112 339
112 344
112 463
112 499
112 679
112 901
113 181
113 327
113 420
113 510
113 703
113 890
114 182
114 223
114 258
114 276
114 465
114 697
114 791
114 833
114 835
115 165
115 244
115 259
115 287
115 434
115 458
115 662
115 697
115 747
115 856
116 122
116 144
116 274
116 450
116 560
116 673
116 703
117 505
117 601
117 603
117 674
117 855
117 892
118 159
118 195
118 317
118 578
118 769
118 877
119 391
119 456
119 632
119 871
120 132
120 254
120 410
120 436
120 683
120 754
121 134
121 229
121 276
121 370
121 423
121 444
121 484
121 600
121 806
122 233
122 268
122 480
122 623
122 753
122 804
123 351
123 734
124 170
124 304
124 457
124 555
124 768
125 226
125 413
125 508
125 532
125 768
126 332
126 358
126 616
126 741
126 759
127 145
127 509
127 665
127 720
127 826
128 280
128 413
128 441
128 781
128 832
128 874
129 449
129 510
129 604
129 752
130 170
130 191
130 326
130 604
131 141
131 224
131 533
131 676
131 758
131 790
131 875
132 453
132 812
133 201
133 260
133 344
133 649
133 705
133 713
133 770
133 825
134 308
134 654
135 342
135 395
135 500
135 634
135 671
136 254
136 456
136 834
137 187
137 215
137 610
137 630
137 663
138 171
138 220
139 407
139 895
140 359
140 388
140 514
140 535
140 757
141 247
141 515
141 561
141 647
141 674
141 709
141 743
141 859
141 878
142 203
142 363
142 625
142 704
143 224
143 484
143 498
143 746
143 856
144 254
144 514
144 753
145 220
145 367
145 589
145 673
145 715
145 760
146 189
146 431
146 610
146 715
147 183
147 262
147 582
147 699
147 808
148 326
148 724
148 881
148 890
149 170
149 250
149 270
149 377
149 458
149 545
149 591
149 793
149 797
150 182
150 244
150 644
150 811
151 350
151 487
151 514
151 571
151 775
152 259
152 418
153 239
153 505
153 870
154 756
155 164
155 278
155 395
155 589
155 729
155 748
156 163
156 175
156 602
156 751
156 800
157 486
157 711
158 652
159 408
159 556
159 869
160 222
160 243
160 453
160 615
160 808
161 219
161 229
161 401
161 521
161 664
162 237
162 294
162 316
162 344
162 346
162 473
162 569
163 201
163 280
163 575
163 614
164 526
164 570
165 339
165 519
165 902
166 245
166 399
166 496
166 701
166 764
166 826
167 226
167 289
167 338
167 480
167 760
167 766
167 831
167 901
168 202
168 424
168 452
168 488
168 616
168 705
168 722
169 243
169 571
169 713
169 728
169 875
169 891
170 232
170 712
171 214
171 470
171 888
172 393
172 489
172 598
172 807
172 817
172 867
173 900
174 235
174 358
174 370
174 392
174 535
174 804
175 178
175 454
175 591
175 707
176 293
176 568
176 625
176 673
176 758
177 190
177 454
177 541
177 554
177 567
177 611
177 622
177 754
178 597
178 605
179 256
179 263
179 617
179 839
179 841
180 431
180 558
180 709
180 769
181 294
181 334
181 534
181 790
181 880
181 888
182 358
182 608
182 723
182 831
182 850
183 216
183 259
183 417
183 642
183 857
183 888
184 352
184 374
184 400
184 428
184 435
184 463
184 714
185 432
185 545
185 646
185 872
185 898
186 286
186 403
186 415
186 527
186 614
187 344
187 666
187 670
188 250
188 263
188 365
188 380
188 691
188 740
189 454
189 494
189 501
189 601
189 617
189 620
189 774
189 901
190 208
190 389
190 466
190 471
190 567
191 210
191 286
191 388
191 841
191 864
192 201
192 645
193 654
193 682
193 726
194 239
195 265
195 389
195 763
195 837
196 215
196 224
196 678
196 838
197 302
197 479
197 842
198 718
199 375
199 384
199 508
199 509
199 708
199 722
199 734
199 802
200 316
200 379
200 487
200 495
200 561
200 767
201 465
201 620
201 669
202 658
202 749
202 838
203 777
204 245
204 451
204 562
204 633
204 689
204 853
205 269
205 593
205 668
205 779
206 265
206 549
206 563
207 218
207 377
207 464
207 588
207 598
207 666
207 732
207 743
208 767
209 336
209 362
209 694
210 456
210 549
210 560
210 773
211 300
211 348
211 364
211 439
211 560
211 592
211 683
211 717
212 231
212 280
212 289
213 305
213 402
214 395
214 477
214 601
214 887
215 232
215 401
215 479
215 610
215 756
216 458
216 489
216 596
216 669
216 742
216 868
217 291
217 617
217 711
217 808
218 465
218 594
218 726
219 225
219 242
219 396
219 710
219 713
219 718
219 880
220 260
220 404
221 350
221 483
221 505
221 531
221 597
221 663
221 720
222 356
222 387
222 472
222 507
223 348
223 362
223 400
223 416
223 452
223 475
223 544
223 615
223 778
223 883
224 362
224 460
224 470
224 473
224 475
224 583
224 707
225 312
225 359
225 502
225 546
225 589
225 733
226 269
226 309
226 444
226 480
226 759
227 248
227 374
227 852
227 860
228 404
228 627
228 686
228 864
229 386
229 534
229 851
229 898
230 387
230 551
230 816
230 854
230 856
231 581
231 667
231 893
232 689
232 776
232 788
232 870
233 252
233 253
233 277
233 317
233 476
233 481
233 506
233 707
233 744
234 656
235 504
235 517
235 558
235 900
236 238
236 280
236 356
236 614
236 629
236 817
237 858
238 407
238 469
238 526
238 769
238 786
238 864
239 308
239 522
239 645
239 687
239 767
239 846
239 872
240 745
241 322
241 688
241 747
241 754
241 824
241 846
242 261
242 299
242 518
242 604
243 576
243 617
243 649
243 717
245 411
245 429
245 482
245 528
245 837
245 892
246 775
247 271
247 760
248 323
248 376
248 485
248 588
248 735
249 616
249 794
250 319
250 372
250 446
250 481
250 623
250 864
251 252
251 728
251 769
251 864
252 825
252 827
253 403
253 573
253 819
254 275
254 358
254 362
254 600
254 722
255 553
255 567
255 659
255 681
255 744
255 763
255 820
256 503
257 370
257 459
257 487
257 511
258 417
258 509
259 439
259 581
259 630
259 631
259 695
259 867
260 339
260 475
260 619
260 843
261 283
261 314
261 405
261 532
261 583
261 654
261 811
261 826
262 309
262 361
262 539
262 621
262 719
262 748
262 856
263 335
263 587
263 732
264 301
264 521
264 529
264 574
264 578
264 737
265 501
265 576
265 593
265 753
265 756
266 296
266 314
266 326
266 522
266 539
266 749
266 785
266 864
266 874
267 283
267 499
267 567
267 599
268 552
268 593
268 766
269 294
269 316
269 376
269 388
269 899
270 337
270 462
270 538
270 559
270 591
271 560
271 704
271 828
272 273
272 378
272 398
272 656
272 866
273 275
273 746
274 293
274 327
274 357
274 432
274 501
274 557
274 575
274 586
274 861
275 415
275 498
275 687
275 691
275 852
275 862
276 347
276 419
276 529
276 578
276 896
278 368
278 417
278 484
278 721
278 755
278 816
278 887
278 898
279 352
279 448
279 513
280 282
280 326
280 455
280 612
280 678
280 793
280 817
281 507
281 520
282 485
282 570
282 611
283 592
283 643
284 600
284 697
284 721
285 847
286 432
286 457
286 479
286 626
286 771
286 773
287 373
287 468
287 757
287 766
287 816
287 882
288 322
288 421
288 511
288 569
288 596
288 642
288 765
288 829
289 388
290 299
290 360
290 592
290 632
290 670
290 852
290 898
291 586
291 742
292 325
292 366
292 446
293 315
293 578
293 780
294 321
294 470
294 637
294 662
295 492
295 671
295 822
296 532
296 611
297 355
297 506
298 353
298 447
298 478
299 459
299 507
299 539
299 543
299 560
299 643
299 781
299 788
300 468
300 547
301 484
301 645
301 785
301 793
301 818
302 313
302 379
302 381
302 444
302 464
302 493
302 509
302 723
302 810
303 366
303 670
304 507
304 646
304 660
304 706
304 783
304 820
304 895
305 426
305 634
305 720
305 853
306 309
306 499
306 546
306 702
307 724
307 762
307 851
307 874
308 527
309 449
309 637
309 704
309 784
310 417
310 454
310 468
310 517
310 549
310 755
310 819
310 831
311 495
311 496
311 564
311 795
312 503
312 507
312 561
313 542
313 698
313 878
314 459
314 727
314 746
314 814
315 398
315 507
315 566
316 439
316 779
316 802
316 857
316 871
317 394
317 413
317 449
317 796
317 841
317 886
318 325
318 384
318 535
318 882
319 383
319 653
319 682
319 829
320 353
320 385
320 807
321 497
321 511
321 537
321 563
321 874
322 385
322 522
322 580
322 811
323 481
323 640
323 657
323 659
323 768
324 593
324 666
325 330
325 477
325 774
326 352
326 419
326 498
326 503
326 556
326 592
326 765
327 818
328 676
328 818
329 360
329 757
330 444
330 673
331 469
331 580
331 703
331 847
331 889
332 661
332 692
332 714
332 724
332 873
333 469
333 682
333 863
334 423
334 458
334 781
335 385
335 464
335 550
335 696
335 729
335 779
335 784
335 897
336 441
336 459
336 786
336 879
337 472
337 631
337 636
337 653
338 547
338 889
339 375
339 692
339 846
341 482
341 529
341 578
341 583
341 654
342 514
342 542
342 630
343 408
343 434
343 659
343 684
343 735
343 892
344 453
344 622
344 760
344 853
344 900
345 558
345 600
345 631
345 806
347 414
347 628
347 660
347 757
347 858
348 541
348 576
348 716
348 781
349 701
350 546
350 564
350 722
350 891
351 450
351 795
351 841
352 403
352 489
352 595
352 721
352 825
352 874
353 421
353 572
353 592
353 641
353 669
353 684
353 722
353 827
353 834
353 840
354 435
354 830
355 540
355 630
355 755
355 840
356 462
356 499
356 887
357 432
357 491
357 623
357 706
358 526
358 732
358 781
359 413
359 538
359 664
359 736
359 737
359 776
360 411
360 539
360 563
360 772
361 382
361 435
361 566
361 661
361 808
361 834
362 473
362 741
362 752
362 834
363 423
363 558
363 630
363 675
363 703
363 811
363 897
364 508
364 574
364 847
365 446
365 545
365 679
365 850
366 446
367 501
367 721
367 747
367 820
368 706
369 510
369 575
369 603
369 870
370 506
370 514
370 574
370 681
371 493
371 740
371 902
372 377
373 432
373 468
373 698
373 710
373 767
373 806
373 845
375 453
375 485
375 632
375 702
375 893
376 486
376 541
376 607
376 673
376 879
377 609
377 742
378 865
379 562
379 894
380 480
380 509
380 553
380 642
380 647
380 660
381 486
381 672
382 498
382 746
383 505
383 545
384 785
385 587
385 843
386 445
386 492
386 715
386 751
386 850
387 694
387 859
388 596
389 421
389 490
389 555
390 493
390 531
390 849
391 476
391 753
391 873
391 900
392 602
392 776
393 813
394 686
395 459
395 605
395 763
395 810
396 416
396 432
396 510
396 674
396 704
396 887
397 694
398 517
398 660
399 691
399 753
399 759
400 501
400 575
400 643
400 695
400 744
401 417
401 618
401 728
401 741
401 864
402 577
402 605
402 699
402 711
402 778
403 477
403 711
404 410
405 461
405 595
405 643
406 435
406 569
406 737
406 752
406 855
407 443
407 512
407 541
407 645
407 670
407 685
407 689
407 771
408 655
408 663
408 685
408 767
409 516
409 571
409 573
409 630
409 683
410 527
410 793
410 848
411 451
411 708
411 829
412 701
413 849
413 872
414 478
414 734
414 758
414 810
414 852
415 431
415 581
415 617
415 673
415 700
416 771
417 444
417 598
417 652
417 663
417 774
418 507
418 537
418 580
418 585
418 625
419 536
419 642
419 802
419 805
420 469
420 704
420 805
420 830
420 855
421 457
421 629
421 730
421 757
421 858
422 431
422 437
422 632
422 674
423 433
423 448
423 558
423 623
424 626
424 871
425 475
425 486
425 594
425 899
426 604
426 889
427 515
427 749
427 853
428 431
428 797
429 445
429 718
429 735
429 754
429 818
430 462
430 538
430 743
430 749
431 881
432 551
432 585
432 704
432 805
433 635
433 687
433 888
433 889
434 500
434 515
434 536
434 669
434 822
435 487
435 721
436 587
436 778
436 849
437 551
437 687
437 761
437 799
437 855
439 672
439 740
439 818
439 882
440 609
440 655
440 848
440 885
442 548
442 613
442 782
443 552
443 868
443 892
444 466
444 624
444 671
444 702
444 861
445 708
445 769
445 819
446 747
446 764
447 495
448 490
448 500
448 581
448 751
448 859
448 872
449 486
449 593
449 676
450 457
450 510
450 630
450 718
450 789
451 490
451 535
451 585
451 636
451 685
451 752
451 774
451 799
451 830
452 496
452 740
452 828
453 586
453 680
454 519
454 522
454 667
457 492
457 765
458 594
458 823
458 874
459 479
459 538
459 713
459 831
459 841
460 698
460 773
460 895
461 552
461 655
461 897
462 512
463 471
463 698
464 551
464 766
464 799
464 833
465 588
465 737
465 825
465 890
466 574
466 752
466 890
467 593
467 623
467 635
467 704
467 802
468 649
468 688
468 706
468 745
468 758
469 475
469 568
469 608
469 758
469 898
470 630
470 890
471 474
471 478
471 493
473 744
473 801
473 843
473 883
474 872
476 599
476 824
476 854
477 568
477 746
478 482
478 672
479 569
479 741
480 647
481 567
481 664
481 765
483 579
483 660
483 788
483 818
483 835
484 505
484 556
484 615
484 778
485 581
485 750
485 811
486 535
486 662
486 792
486 858
487 559
487 653
488 489
488 723
488 734
488 896
489 738
490 760
491 607
491 682
491 842
492 737
492 742
493 556
493 791
493 823
494 701
495 505
495 541
495 668
495 769
495 848
496 661
496 815
496 852
496 899
497 668
497 718
497 790
497 822
497 836
498 679
498 779
498 787
498 866
499 514
499 626
499 636
499 740
499 900
500 551
500 608
501 763
501 896
502 846
503 526
503 592
503 675
503 805
503 871
505 606
505 705
506 595
506 804
506 830
507 548
507 662
507 710
508 529
508 640
508 823
509 631
510 691
510 709
510 779
511 575
511 699
511 854
512 669
512 884
513 563
513 655
513 705
513 891
514 546
514 618
514 630
514 765
514 808
515 517
515 616
515 712
515 738
515 739
516 525
516 714
516 749
516 833
516 838
517 525
517 657
517 731
517 776
518 723
518 727
518 883
519 639
519 665
519 881
520 684
521 528
521 718
521 847
522 597
522 779
523 620
523 635
524 531
524 821
524 826
525 546
525 587
525 678
525 689
525 736
525 784
525 785
526 684
526 823
527 710
527 744
527 825
528 877
529 668
529 783
529 831
530 533
531 643
531 763
532 536
532 569
533 580
533 591
533 744
533 827
534 668
534 878
535 553
535 709
536 652
536 758
536 851
536 862
537 555
537 677
537 691
537 739
537 781
537 857
537 901
538 897
540 708
540 843
541 809
541 837
542 556
542 596
542 645
542 753
542 830
543 662
543 828
544 606
544 785
544 827
545 586
545 663
546 777
546 850
547 562
547 759
548 675
548 697
548 789
549 755
549 796
549 820
550 590
550 602
550 690
550 794
550 861
551 600
551 863
551 878
552 595
554 582
555 714
555 733
555 832
556 674
556 725
557 602
557 678
557 772
557 794
558 580
558 883
559 600
559 606
559 743
559 876
560 705
560 829
561 568
561 795
561 814
562 577
562 645
563 898
564 633
564 800
564 842
564 874
565 730
565 759
567 764
568 575
568 725
568 777
568 808
569 657
569 694
569 841
569 892
569 901
570 613
571 603
571 698
571 706
571 733
571 825
572 597
572 616
572 722
572 848
573 596
573 701
574 755
575 589
575 653
575 856
576 806
577 711
577 886
579 698
579 772
579 805
581 649
581 852
582 589
582 709
582 719
583 617
583 736
583 796
584 880
585 624
585 694
585 847
586 588
587 725
587 773
587 897
588 680
588 716
588 815
589 591
589 788
590 634
591 694
592 601
592 802
592 833
593 628
594 888
595 627
596 605
596 625
596 842
596 869
597 835
599 825
601 655
602 669
602 694
602 755
602 787
602 899
604 757
605 637
605 706
606 713
607 719
607 722
607 887
609 849
609 893
610 809
611 643
611 745
612 661
613 639
614 713
614 719
614 805
615 889
616 693
618 640
618 747
620 731
621 680
621 734
621 827
621 835
622 702
624 849
624 856
625 732
626 860
627 686
628 788
629 898
630 859
631 847
632 712
632 887
633 635
633 652
633 674
633 698
633 734
633 795
633 851
634 792
634 877
634 885
635 736
636 879
636 899
637 902
638 664
638 674
639 657
639 722
639 737
639 821
640 657
640 700
640 746
640 839
640 872
641 719
641 851
642 719
642 823
643 697
643 812
643 816
644 679
644 716
644 813
644 856
644 866
646 654
647 700
648 756
648 881
650 869
651 655
651 796
652 887
653 693
654 797
654 811
654 894
655 825
656 755
656 793
657 737
659 786
659 866
660 723
660 886
661 689
661 766
662 689
663 755
663 840
663 898
664 768
664 771
666 839
667 680
669 883
672 753
672 795
672 841
675 851
675 893
676 691
676 727
676 829
676 848
676 852
677 750
677 896
679 744
680 784
681 707
681 760
682 799
682 805
682 889
683 802
684 895
685 835
689 861
691 886
692 824
693 722
693 847
694 736
694 815
695 727
695 827
695 878
697 842
698 708
698 743
698 836
698 880
698 892
699 707
699 843
700 719
700 787
702 751
704 871
705 706
705 764
705 888
706 793
706 801
706 838
707 873
709 798
709 844
710 883
711 839
712 869
712 879
713 787
713 821
715 733
715 862
715 888
716 823
717 756
718 758
719 736
719 789
719 855
720 774
723 773
727 770
731 743
732 760
732 817
732 849
732 895
733 818
733 836
735 749
735 781
737 762
738 867
740 902
742 749
742 843
744 776
744 845
744 871
747 856
747 899
749 779
749 881
751 879
753 756
753 783
754 789
754 854
755 807
755 841
756 775
756 831
756 898
758 802
761 888
765 835
766 890
769 844
769 857
769 884
770 790
770 877
771 856
772 884
773 787
775 804
775 833
775 856
775 892
779 868
780 788
780 836
780 867
781 811
783 798
787 819
788 823
788 883
789 807
790 800
790 815
790 868
791 876
793 797
793 830
795 866
796 808
797 866
799 803
800 806
801 819
809 833
813 827
813 893
814 849
815 844
818 845
818 847
819 838
823 882
828 898
833 868
833 881
834 857
836 901
839 880
841 877
841 893
844 849
847 872
852 875
857 869
861 862
861 867
868 872
870 884
873 884
887 891
903 394
903 904
903 905
903 906
904 411
904 905
904 906
905 503
905 906
906 740
