944 3755
0 1
0 2
0 3
0 4
0 5
0 6
0 7
0 8
0 9
0 10
0 11
0 12
0 13
0 14
0 15
0 16
0 17
0 18
0 19
0 20
0 21
0 22
0 23
0 24
0 25
0 26
0 27
0 28
0 29
0 30
0 31
0 32
0 33
0 34
0 35
0 36
0 37
0 38
0 39
0 40
0 41
0 42
0 43
0 44
0 45
0 46
0 47
0 48
0 49
0 50
0 51
0 52
0 53
0 54
0 55
0 56
0 57
0 58
0 59
0 60
0 61
0 62
0 63
0 64
0 65
0 66
0 67
0 68
0 69
0 70
0 71
0 72
0 73
0 74
0 75
0 76
0 77
0 78
0 79
0 80
0 81
0 82
0 83
0 84
0 85
0 86
0 87
0 88
0 89
0 90
0 91
0 92
0 93
0 94
0 95
0 96
0 97
0 98
0 99
0 100
0 101
0 102
0 103
0 104
0 105
0 106
0 107
0 108
0 109
0 110
0 111
0 112
0 113
0 114
0 115
0 116
0 117
0 118
0 119
0 120
0 121
0 122
0 123
0 124
0 125
0 126
0 127
0 128
0 129
0 130
0 131
0 132
0 133
0 134
0 135
0 136
0 137
0 138
0 139
0 140
0 141
0 142
0 143
0 144
0 145
0 146
0 147
0 148
0 149
0 150
0 151
0 152
0 153
0 154
0 155
0 156
0 157
0 158
0 159
0 160
0 161
0 162
0 163
0 164
0 165
0 166
0 167
0 168
0 169
0 170
0 171
0 172
0 173
0 174
0 175
0 176
0 177
0 178
0 179
0 180
0 181
0 182
0 183
0 184
0 185
0 186
0 187
0 188
0 189
0 190
0 191
0 192
0 193
0 194
0 195
0 196
0 197
0 198
0 199
0 200
0 201
0 202
0 203
0 204
0 205
0 206
0 207
0 208
0 209
0 210
0 211
0 212
0 213
0 214
0 215
0 216
0 217
0 218
0 219
0 220
0 221
0 222
0 223
0 224
0 225
0 226
0 227
0 228
0 229
0 230
0 231
0 232
0 233
0 234
0 235
0 236
0 237
0 238
0 239
0 240
0 241
0 242
0 243
0 244
0 245
0 246
0 247
0 248
0 249
0 250
0 251
0 252
0 253
0 254
0 255
0 256
0 257
0 258
0 259
0 260
0 261
0 262
0 263
0 264
0 265
0 266
0 267
0 268
0 269
0 270
0 271
0 272
0 273
0 274
0 275
0 276
0 277
0 278
0 279
0 280
0 281
0 282
0 283
0 284
0 285
0 286
0 287
0 288
0 289
0 290
0 291
0 292
0 293
0 294
0 295
0 296
0 297
0 298
0 299
0 300
0 301
0 302
0 303
0 304
0 305
0 306
0 307
0 308
0 309
0 310
0 311
0 312
0 313
0 314
0 315
0 316
0 317
0 318
0 319
0 320
0 321
0 322
0 323
0 324
0 325
0 326
0 327
0 328
0 329
0 330
0 331
0 332
0 333
0 334
0 335
0 336
0 337
0 338
0 339
0 340
0 341
0 342
0 343
0 344
0 345
0 346
0 347
0 348
0 349
0 350
0 351
0 352
0 353
0 354
0 355
0 356
0 357
0 358
0 359
0 360
0 361
0 362
0 363
0 364
0 365
0 366
0 367
0 368
0 369
0 370
0 371
0 372
0 373
0 374
0 375
0 376
0 377
0 378
0 379
0 380
0 381
0 382
0 383
0 384
0 385
0 386
0 387
0 388
0 389
0 390
0 391
0 392
0 393
0 394
0 395
0 396
0 397
0 398
0 399
0 400
0 401
0 402
0 403
0 404
0 405
0 406
0 407
0 408
0 409
0 410
0 411
0 412
0 413
0 414
0 415
0 416
0 417
0 418
0 419
0 420
0 421
0 422
0 423
0 424
0 425
0 426
0 427
0 428
0 429
0 430
0 431
0 432
0 433
0 434
0 435
0 436
0 437
0 438
0 439
0 440
0 441
0 442
0 443
0 444
0 445
0 446
0 447
0 448
0 449
0 450
0 451
0 452
0 453
0 454
0 455
0 456
0 457
0 458
0 459
0 460
0 461
0 462
0 463
0 464
0 465
0 466
0 467
0 468
0 469
0 470
0 471
0 472
0 473
0 474
0 475
0 476
0 477
0 478
0 479
0 480
0 481
0 482
0 483
0 484
0 485
0 486
0 487
0 488
0 489
0 490
0 491
0 492
0 493
0 494
0 495
0 496
0 497
0 498
0 499
0 500
0 501
0 502
0 503
0 504
0 505
0 506
0 507
0 508
0 509
0 510
0 511
0 512
0 513
0 514
0 515
0 516
0 517
0 518
0 519
0 520
0 521
0 522
0 523
0 524
0 525
0 526
0 527
0 528
0 529
0 530
0 531
0 532
0 533
0 534
0 535
0 536
0 537
0 538
0 539
0 540
0 541
0 542
0 543
0 544
0 545
0 546
0 547
0 548
0 549
0 550
0 551
0 552
0 553
0 554
0 555
0 556
0 557
0 558
0 559
0 560
0 561
0 562
0 563
0 564
0 565
0 566
0 567
0 568
0 569
0 570
0 571
0 572
0 573
0 574
0 575
0 576
0 577
0 578
0 579
0 580
0 581
0 582
0 583
0 584
0 585
0 586
0 587
0 588
0 589
0 590
0 591
0 592
0 593
0 594
0 595
0 596
0 597
0 598
0 599
0 600
0 601
0 602
0 603
0 604
0 605
0 606
0 607
0 608
0 609
0 610
0 611
0 612
0 613
0 614
0 615
0 616
0 617
0 618
0 619
0 620
0 621
0 622
0 623
0 624
0 625
0 626
0 627
0 628
0 629
0 630
0 631
0 632
0 633
0 634
0 635
0 636
0 637
0 638
0 639
0 640
0 641
0 642
0 643
0 644
0 645
0 646
0 647
0 648
0 649
0 650
0 651
0 652
0 653
0 654
0 655
0 656
0 657
0 658
0 659
0 660
0 661
0 662
0 663
0 664
0 665
0 666
0 667
0 668
0 669
0 670
0 671
0 672
0 673
0 674
0 675
0 676
0 677
0 678
0 679
0 680
0 681
0 682
0 683
0 684
0 685
0 686
0 687
0 688
0 689
0 690
0 691
0 692
0 693
0 694
0 695
0 696
0 697
0 698
0 699
0 700
0 701
0 702
0 703
0 704
0 705
0 706
0 707
0 708
0 709
0 710
0 711
0 712
0 713
0 714
0 715
0 716
0 717
0 718
0 719
0 720
0 721
0 722
0 723
0 724
0 725
0 726
0 727
0 728
0 729
0 730
0 731
0 732
0 733
0 734
0 735
0 736
0 737
0 738
0 739
0 740
0 741
0 742
0 743
0 744
0 745
0 746
0 747
0 748
0 749
0 750
0 751
0 752
0 753
0 754
0 755
0 756
0 757
0 758
0 759
0 760
0 761
0 762
0 763
0 764
0 765
0 766
0 767
0 768
0 769
0 770
0 771
0 772
0 773
0 774
0 775
0 776
0 777
0 778
0 779
0 780
0 781
0 782
0 783
0 784
0 785
0 786
0 787
0 788
0 789
0 790
0 791
0 792
0 793
0 794
0 795
0 796
0 797
0 798
0 799
0 800
0 801
0 802
0 803
0 804
0 805
0 806
0 807
0 808
0 809
0 810
0 811
0 812
0 813
0 814
0 815
0 816
0 817
0 818
0 819
0 820
0 821
0 822
0 823
0 824
0 825
0 826
0 827
0 828
0 829
0 830
0 831
0 832
0 833
0 834
0 835
0 836
0 837
0 838
0 839
0 840
0 841
0 842
0 843
0 844
0 845
0 846
0 847
0 848
0 849
0 850
0 851
0 852
0 853
0 854
0 855
0 856
0 857
0 858
0 859
0 860
0 861
0 862
0 863
0 864
0 865
0 866
0 867
0 868
0 869
0 870
0 871
0 872
0 873
0 874
0 875
0 876
0 877
0 878
0 879
0 880
0 881
0 882
0 883
0 884
0 885
0 886
0 887
0 888
0 889
0 890
0 891
0 892
0 893
0 894
0 895
0 896
0 897
0 898
0 899
0 900
0 901
0 902
0 903
0 904
0 905
0 906
0 907
0 908
0 909
0 910
0 911
0 912
0 913
0 914
0 915
0 916
0 917
0 918
0 919
0 920
0 921
0 922
0 923
0 924
0 925
0 926
0 927
0 928
0 929
0 930
0 931
0 932
0 933
0 934
0 935
0 936
0 937
0 938
0 939
1 216
1 252
1 751
1 768
1 898
2 57
2 192
2 297
2 470
2 697
3 61
3 71
3 318
3 408
3 442
3 452
3 669
4 100
4 219
4 237
4 274
4 341
4 353
4 503
4 700
4 744
4 786
5 128
5 186
5 378
5 674
5 731
5 934
6 202
6 226
6 266
6 405
6 795
6 820
7 245
7 393
7 452
7 474
7 669
7 872
8 247
8 661
8 914
9 158
9 243
9 355
9 410
9 415
9 431
9 458
9 548
9 869
10 110
10 120
10 225
10 659
11 37
11 91
11 433
11 616
11 675
11 752
12 698
13 361
13 460
13 581
13 629
13 773
14 230
14 314
14 889
15 46
15 77
15 177
15 757
16 54
16 483
16 546
16 643
16 845
17 230
17 307
17 914
18 205
18 215
18 256
18 310
18 316
18 342
18 539
18 873
19 293
19 621
19 676
19 759
20 395
20 596
20 680
20 798
21 51
21 303
21 331
21 425
21 904
21 934
22 50
22 95
22 310
22 423
22 431
22 703
22 833
22 895
22 909
23 416
23 656
23 662
23 898
23 926
24 57
24 143
24 153
24 272
24 450
24 544
24 913
25 160
25 634
25 699
25 820
26 89
26 173
26 216
26 228
26 279
26 481
26 489
26 662
26 732
26 761
27 127
27 375
27 464
27 517
27 589
27 623
28 379
28 698
28 840
29 213
29 313
29 325
29 500
30 189
30 212
30 225
30 694
30 840
30 875
31 60
31 233
31 315
31 360
31 836
32 516
32 674
32 689
32 745
32 825
33 63
33 641
33 841
33 903
34 228
34 315
34 316
34 326
34 464
34 471
34 626
34 673
34 874
34 886
35 208
35 225
35 226
35 239
35 315
35 398
35 550
35 570
35 600
35 635
35 657
35 658
36 71
36 357
36 366
36 464
36 504
36 583
36 671
36 784
37 47
37 498
37 700
37 734
37 795
37 841
38 92
38 190
38 192
38 270
38 600
38 630
38 767
38 924
39 60
39 68
39 97
39 514
40 116
40 348
40 395
40 639
40 673
40 708
40 867
41 44
41 92
41 257
41 265
41 324
41 357
41 429
41 532
41 725
41 918
42 93
42 483
42 666
42 922
43 270
43 649
43 656
44 287
44 434
44 869
45 283
45 493
45 548
46 53
46 433
46 501
46 534
47 174
47 524
47 546
47 578
47 679
47 918
48 558
48 594
48 651
49 67
49 224
49 311
49 634
49 654
49 681
49 726
49 738
49 818
50 123
50 444
50 667
51 111
51 143
51 280
51 629
52 155
52 302
52 782
52 788
53 56
53 151
53 324
53 437
53 769
53 803
53 828
53 857
54 240
54 319
54 417
54 579
54 748
55 72
55 412
56 101
56 201
56 316
56 386
56 537
56 667
56 756
56 827
56 886
57 66
57 415
57 457
57 519
57 592
58 160
58 233
58 244
58 276
58 353
58 602
58 710
58 789
58 857
59 198
59 521
59 800
60 96
60 223
60 233
60 587
61 290
61 355
62 496
62 571
62 611
62 673
62 843
62 906
62 916
63 134
63 418
63 435
63 622
63 681
64 149
64 577
64 662
65 381
65 530
65 549
66 162
66 371
66 426
66 443
66 518
66 611
66 616
66 727
66 849
66 899
67 473
67 533
67 750
67 913
68 75
68 130
68 330
68 352
68 509
68 554
68 636
68 756
68 760
68 843
68 927
69 462
69 497
69 819
69 877
69 899
70 185
70 429
70 569
70 601
70 609
70 724
70 852
71 286
71 560
71 670
71 827
71 930
72 196
72 239
72 656
72 738
73 153
73 492
73 561
73 693
73 798
73 883
74 189
74 279
74 460
74 488
74 802
74 913
75 100
75 126
75 388
75 686
75 773
75 784
76 160
76 235
76 321
77 86
77 434
77 471
77 709
78 113
78 311
78 675
78 851
79 177
79 193
79 244
79 582
79 710
79 733
79 770
79 783
80 225
80 354
80 419
80 591
80 684
81 203
81 235
81 296
81 587
81 692
81 844
81 884
81 895
82 190
82 425
82 555
82 898
83 225
83 602
83 654
83 667
83 797
83 882
83 894
83 910
83 914
84 173
84 220
84 250
84 328
84 865
85 202
85 466
85 564
85 658
85 688
85 889
85 910
86 278
86 558
86 711
86 865
86 919
87 111
87 356
87 406
87 434
87 668
87 748
87 904
88 278
88 283
88 541
88 548
88 690
88 695
88 714
88 831
89 305
89 358
89 486
89 592
89 602
89 713
89 721
89 913
90 94
90 389
90 708
90 737
91 164
91 375
91 393
91 620
91 701
91 800
91 901
92 330
92 489
92 656
93 101
93 158
93 395
93 422
93 423
93 435
93 624
94 289
94 362
94 424
94 435
94 557
94 667
94 771
94 784
94 843
94 878
95 164
95 344
95 399
96 222
96 441
96 653
96 661
96 728
97 249
97 259
97 280
97 292
97 347
97 415
97 555
97 667
97 805
97 850
98 305
98 448
98 527
98 728
98 793
99 381
99 562
99 826
99 843
100 345
100 495
100 542
100 746
100 857
100 875
100 883
101 148
101 405
101 690
101 832
102 137
102 248
102 695
103 237
103 385
103 666
103 808
104 466
104 874
105 173
105 182
105 656
106 235
106 429
106 444
106 714
106 860
107 115
107 615
107 889
108 208
108 215
108 374
108 511
108 588
108 606
108 631
108 893
109 252
109 362
109 405
109 565
109 589
109 616
109 791
110 205
110 283
110 287
110 540
110 606
110 762
111 330
111 345
111 541
111 619
111 697
111 787
112 187
112 264
112 281
112 356
112 520
112 579
112 615
112 836
112 883
113 217
113 269
113 310
113 449
113 467
113 721
113 798
113 842
113 890
114 249
114 655
114 776
115 341
115 477
115 718
115 903
115 909
116 134
116 463
116 567
116 738
116 788
117 254
117 330
117 500
117 613
118 374
118 381
118 614
118 729
118 764
119 445
119 479
119 485
119 717
119 766
119 872
120 236
120 304
120 489
120 689
120 820
120 914
121 377
121 729
121 799
121 800
121 906
122 143
122 196
122 696
123 428
123 452
123 690
124 133
124 272
124 470
124 545
124 788
124 845
125 174
125 369
125 662
125 922
126 481
126 911
126 914
127 170
127 329
127 339
127 504
128 229
128 239
128 421
128 546
128 672
129 429
129 504
129 747
129 788
129 921
130 189
130 259
130 815
130 889
131 529
131 537
131 632
131 724
131 827
131 862
132 195
132 208
132 234
132 584
133 151
133 394
133 497
133 527
133 664
133 848
133 866
133 902
134 478
134 704
134 822
135 380
135 446
135 531
135 765
136 765
136 854
137 192
137 288
137 424
137 503
137 640
137 666
138 501
138 677
138 693
138 936
138 939
139 158
139 227
139 538
139 721
140 269
140 323
140 549
140 580
140 598
141 244
141 278
141 376
141 435
141 551
141 681
142 191
142 435
142 501
142 533
142 549
142 665
143 292
143 308
143 386
143 509
143 619
143 635
144 170
144 214
144 282
144 393
144 439
144 617
144 620
144 624
145 278
145 495
145 563
145 597
145 627
145 879
146 154
146 229
146 465
146 576
146 654
146 749
146 799
147 283
147 318
147 332
147 521
147 597
147 852
148 310
148 468
148 745
148 897
149 463
149 491
149 723
149 773
149 779
149 844
149 868
150 172
150 229
150 634
150 689
151 152
151 215
151 695
152 414
152 504
152 531
152 594
152 601
152 630
152 755
153 436
153 534
153 723
153 748
153 900
153 929
153 938
154 277
154 427
154 668
154 830
154 878
155 176
155 258
155 512
155 805
155 934
156 172
156 225
156 313
156 473
156 483
156 613
156 804
156 884
156 890
157 214
157 691
157 754
157 761
157 789
158 206
158 312
158 320
158 357
158 456
158 490
158 580
158 932
159 288
159 527
159 530
159 860
159 868
160 284
160 487
160 684
161 437
161 496
161 621
162 379
162 432
162 868
162 913
163 189
163 258
163 341
163 377
163 414
163 856
164 182
164 190
164 218
164 741
164 755
164 800
164 805
165 197
165 358
165 469
165 827
165 859
166 562
166 576
167 380
167 445
167 476
168 224
168 273
168 467
168 482
168 581
168 723
169 194
169 227
169 228
169 250
169 496
169 684
169 808
169 832
169 939
170 230
170 325
170 700
170 864
171 381
171 594
172 522
172 819
172 850
173 292
173 310
173 602
173 647
173 831
174 535
174 540
174 617
174 711
174 775
174 938
175 319
175 667
175 769
176 179
176 246
176 486
176 530
176 748
176 912
177 183
177 213
177 283
177 361
177 370
177 768
177 934
178 531
178 575
178 618
178 769
179 276
179 390
179 420
179 447
179 461
179 484
179 709
179 751
179 891
179 928
180 208
180 234
180 532
180 619
180 701
180 799
180 910
181 629
181 706
182 192
182 307
182 358
182 710
183 231
183 476
183 749
183 839
184 636
184 642
184 729
185 305
185 451
185 770
185 803
185 838
185 901
185 917
186 415
186 684
186 711
186 866
186 930
186 938
187 234
187 307
187 378
187 483
187 603
187 642
187 653
188 346
188 391
188 508
188 513
188 779
188 911
189 251
189 298
189 365
189 376
189 487
189 563
189 647
189 797
189 877
189 890
190 198
190 409
190 458
191 350
191 357
191 379
191 457
191 585
191 630
191 770
191 805
192 207
192 380
192 452
192 625
192 679
192 797
193 218
193 219
193 442
193 486
193 555
193 621
193 658
193 897
193 922
194 199
194 544
194 621
194 790
194 814
194 906
194 936
195 219
195 237
195 318
195 500
195 506
195 743
195 779
195 809
196 223
196 403
196 418
196 638
196 688
196 754
197 384
197 421
197 665
197 757
197 869
197 896
198 224
198 354
198 471
199 211
199 433
199 579
199 612
199 648
199 666
199 833
199 855
200 385
200 448
200 814
201 345
201 901
202 548
203 388
203 490
203 528
203 754
204 422
204 555
204 638
204 858
204 889
205 227
205 538
205 575
205 938
206 254
206 426
206 436
206 451
206 610
206 678
206 805
207 283
207 450
207 701
208 536
208 735
208 857
208 908
208 931
209 424
209 462
209 503
209 690
209 825
209 879
210 220
210 549
210 780
210 800
211 334
211 374
211 433
211 472
211 674
211 741
212 317
212 347
212 353
212 660
213 249
213 267
213 736
213 937
214 241
214 255
214 295
214 656
214 726
214 928
215 375
215 384
215 523
215 538
215 591
215 810
215 830
217 257
217 324
217 416
217 445
217 558
217 635
217 662
217 675
217 847
218 394
218 624
218 708
218 729
218 748
219 832
220 316
220 379
220 748
221 363
221 528
221 531
221 570
222 276
222 638
222 819
223 233
223 597
223 640
223 649
223 701
223 895
224 304
224 382
224 389
224 567
224 600
224 640
224 920
225 226
225 237
225 481
226 242
226 349
226 479
226 906
227 439
227 661
227 882
228 250
228 275
228 429
228 469
228 639
228 729
229 300
229 304
229 397
230 561
230 621
230 636
230 643
230 716
230 857
231 346
231 813
231 913
232 249
232 414
232 681
232 712
232 793
232 821
233 378
233 534
233 704
233 756
234 553
234 618
234 686
234 817
235 324
235 466
235 510
235 909
235 915
236 294
236 478
236 729
236 850
236 892
237 464
237 476
237 493
237 527
237 672
238 258
238 280
238 284
238 550
238 618
238 653
238 833
239 270
239 339
239 519
240 250
240 386
240 395
240 426
240 472
240 483
240 589
240 600
240 800
240 816
240 843
240 894
241 294
241 330
241 463
241 541
241 601
241 646
241 659
241 691
241 706
242 311
242 388
242 421
242 590
242 666
242 776
242 855
243 437
243 678
243 793
244 562
244 610
245 262
246 262
246 437
246 588
246 881
247 568
247 659
247 725
248 467
248 717
248 929
249 445
249 875
249 897
250 541
250 705
250 852
250 895
250 923
251 338
251 512
251 705
252 492
252 820
252 884
253 565
253 578
254 518
254 891
254 911
255 430
255 432
255 639
255 762
255 935
255 938
256 304
256 398
256 427
256 490
256 535
257 307
257 353
257 718
257 844
258 287
258 398
258 423
258 507
258 703
258 743
258 820
259 347
259 540
259 737
260 529
260 643
260 645
260 862
261 272
261 404
261 432
261 495
261 548
261 571
261 650
261 912
262 598
262 607
263 359
263 409
263 418
263 458
263 495
264 446
264 518
264 684
264 689
264 695
264 790
264 821
265 346
265 439
265 857
266 489
266 550
266 567
266 865
266 897
266 915
267 305
267 315
267 404
267 731
267 771
267 795
267 933
268 328
268 375
268 568
268 587
268 685
269 324
269 478
269 495
269 570
269 823
269 840
269 855
269 929
270 496
270 892
271 655
271 672
271 750
271 894
272 882
272 906
273 351
273 362
273 683
273 888
274 356
274 548
274 816
275 327
275 342
275 886
276 297
276 327
276 344
276 448
276 620
276 666
276 740
276 909
276 932
277 283
277 286
277 404
277 556
277 633
279 384
279 617
279 686
279 754
279 833
279 882
280 406
280 743
281 510
281 563
281 596
281 657
281 882
281 938
282 435
282 500
283 324
283 333
283 494
283 580
283 811
283 869
283 922
283 923
284 474
284 519
285 566
285 815
286 291
286 343
286 438
287 766
288 296
288 376
288 565
288 741
288 751
288 810
289 764
289 843
290 483
290 636
290 732
290 779
290 838
291 385
291 399
291 447
291 533
291 616
291 851
291 861
292 433
293 736
294 337
294 475
294 492
294 496
294 633
295 927
296 304
296 484
296 753
296 844
296 883
297 474
297 508
297 652
297 716
297 835
297 909
298 345
298 357
298 503
298 553
298 756
298 877
299 500
299 540
299 833
300 376
300 560
300 665
300 748
300 917
302 535
302 592
302 648
302 676
302 748
302 870
302 879
303 569
303 764
303 807
303 860
303 889
303 891
303 902
304 503
304 596
304 681
304 809
304 937
305 345
305 618
305 671
305 938
306 480
306 502
306 781
306 891
307 365
307 429
307 438
307 905
307 906
308 377
308 533
308 615
308 641
308 643
308 671
309 416
309 459
309 462
309 526
309 537
309 715
309 729
309 743
310 393
310 473
310 484
310 659
310 677
310 761
311 458
311 790
311 809
311 854
312 359
312 724
312 816
312 927
313 853
314 352
314 443
314 450
314 551
314 690
315 372
316 787
316 921
317 397
317 889
317 890
318 736
318 776
318 777
319 556
319 604
319 838
320 485
320 604
320 694
321 496
321 553
321 569
321 592
322 387
322 392
322 463
322 652
322 667
322 744
323 529
323 823
323 853
324 529
324 884
325 592
325 685
325 746
326 559
326 670
326 753
326 856
326 871
327 446
327 655
327 688
327 829
327 885
328 674
329 385
329 472
330 356
330 569
330 866
330 886
331 423
331 424
331 510
331 875
332 435
332 487
332 497
332 871
332 919
333 457
333 554
333 638
333 688
333 742
333 768
333 877
334 374
334 415
334 786
335 343
335 454
335 630
335 675
335 718
335 885
336 362
336 369
336 444
336 571
336 830
337 428
337 515
338 455
338 532
338 569
339 455
339 466
339 578
339 600
339 627
339 780
339 893
340 497
340 596
340 696
341 631
341 707
341 743
342 353
342 534
342 564
342 575
342 917
343 481
343 505
343 575
343 864
344 441
344 471
344 480
344 519
344 539
344 887
345 358
345 836
346 420
346 490
346 690
346 783
347 651
347 861
347 869
348 366
348 393
348 487
348 682
348 880
349 506
349 529
349 608
349 709
349 747
349 749
349 833
350 581
350 605
350 666
350 720
350 770
350 880
351 570
351 574
351 840
351 863
351 913
352 381
352 392
352 411
352 591
352 764
353 364
353 454
353 500
353 608
353 737
354 621
354 710
354 892
354 932
355 918
357 723
357 790
358 392
358 487
358 708
358 714
358 770
358 778
358 792
359 422
359 443
359 577
359 699
359 716
359 925
360 370
360 615
360 715
360 730
361 375
361 529
361 812
361 848
361 868
362 438
362 714
363 875
364 466
364 642
364 725
366 518
366 604
367 488
367 717
367 722
367 806
367 820
367 843
368 417
368 507
368 571
368 577
368 780
369 406
369 543
369 591
369 818
370 473
370 715
371 473
371 548
371 666
371 685
371 750
371 808
371 863
371 900
372 514
372 738
372 893
373 403
374 450
374 478
374 758
374 814
375 615
375 672
375 788
375 825
376 472
376 553
376 603
376 862
377 604
377 634
377 669
377 717
378 504
378 531
378 683
378 823
378 875
379 429
379 432
379 571
379 747
379 907
380 442
381 611
382 438
382 679
382 797
383 751
383 845
383 855
384 530
384 698
384 701
384 923
385 412
385 694
385 836
385 939
386 411
386 454
386 629
386 630
386 723
386 817
387 644
387 736
388 645
388 676
388 748
388 764
389 485
389 918
390 580
390 807
390 850
390 939
391 617
391 628
391 657
391 716
392 510
392 560
392 805
392 873
393 783
393 896
394 428
394 556
394 673
394 681
394 840
394 930
395 435
395 578
395 582
395 618
395 650
395 690
396 662
397 571
397 862
398 515
398 832
399 419
399 526
399 548
399 843
400 676
400 715
402 584
402 637
402 733
402 772
403 544
403 648
403 712
403 753
403 791
405 475
405 480
405 721
405 753
406 574
406 575
406 644
407 542
407 611
407 613
407 649
408 760
408 773
409 446
409 543
409 745
409 775
409 938
410 473
410 599
410 692
410 860
411 461
411 707
411 803
411 841
412 478
412 490
412 729
412 847
413 861
414 704
415 798
415 852
416 534
416 568
416 649
416 698
416 761
416 841
416 845
417 483
417 489
417 603
418 486
418 509
419 482
419 607
419 890
420 473
420 488
420 497
420 765
421 605
421 615
421 748
421 775
421 830
422 709
423 441
423 481
423 582
423 773
424 545
424 934
425 498
425 507
425 617
425 747
426 468
426 671
427 556
427 557
427 691
427 724
428 582
428 680
428 746
429 670
429 708
429 891
430 482
430 489
430 632
430 633
430 695
430 912
431 544
431 594
431 866
431 883
432 541
433 580
433 599
433 664
433 707
433 737
434 548
434 572
434 752
434 850
435 499
435 601
435 654
436 537
436 607
436 658
436 878
438 761
438 888
439 529
439 872
440 454
440 502
440 738
441 523
442 494
442 585
442 656
442 759
442 908
443 472
443 685
443 705
444 492
444 601
444 662
444 686
444 740
444 820
444 877
445 524
445 562
445 656
445 758
445 812
445 856
446 542
446 707
446 785
447 902
448 492
448 560
448 618
448 686
448 766
448 787
448 838
449 489
449 607
450 484
450 658
450 765
450 822
451 687
451 700
451 793
451 802
451 882
452 894
453 652
453 750
453 910
454 818
454 872
455 477
456 470
456 599
456 672
457 541
457 568
458 612
458 678
459 635
459 771
460 624
460 814
460 847
460 865
461 561
461 650
461 668
461 721
461 762
461 845
461 856
461 939
462 705
464 508
464 566
464 776
465 610
465 703
465 719
465 790
465 924
466 649
466 836
467 548
467 637
467 664
467 674
467 925
468 665
468 897
469 589
469 733
470 666
470 824
470 834
470 846
471 546
471 639
471 701
471 762
471 821
471 926
472 522
472 808
472 828
473 776
473 780
474 598
474 621
474 833
474 866
474 927
477 716
477 838
477 880
477 921
478 481
478 507
478 565
478 928
479 573
479 574
479 649
479 906
479 910
481 692
481 884
482 526
482 563
482 702
483 574
483 601
483 606
484 514
484 696
484 865
485 528
485 537
486 559
486 681
486 880
486 911
487 730
487 773
487 872
488 765
488 843
489 579
489 665
490 697
491 664
491 668
492 567
492 622
492 763
492 814
492 840
493 525
493 752
493 822
493 894
493 931
494 646
494 695
495 834
496 528
496 795
496 862
498 689
498 849
499 846
500 597
500 684
501 594
501 863
501 872
503 521
504 595
505 514
505 616
505 641
505 887
506 516
506 677
506 839
507 548
507 717
507 885
508 770
508 777
508 817
508 845
509 685
510 631
510 752
510 763
510 823
510 826
510 923
511 554
511 592
511 894
512 649
512 707
512 781
512 938
513 562
513 825
514 830
514 879
515 525
515 807
516 566
516 867
517 524
517 752
518 627
518 706
518 742
518 760
519 814
520 837
520 904
521 594
522 621
522 809
522 922
523 582
523 600
523 708
523 807
524 525
524 683
525 707
525 839
526 621
526 639
526 742
526 856
527 594
528 557
528 794
529 602
529 606
529 616
529 638
529 738
529 812
529 830
529 892
530 536
530 826
530 859
531 535
531 583
531 682
531 918
532 580
532 761
532 790
532 874
533 613
533 681
533 688
533 937
534 919
536 631
536 776
536 908
537 720
538 613
538 659
538 770
539 555
539 753
539 782
539 861
541 657
541 694
541 755
541 764
541 814
542 602
542 805
542 842
544 737
544 928
545 616
545 707
545 755
546 917
548 567
548 624
548 663
548 672
548 906
548 934
549 876
550 765
550 831
550 835
552 573
552 670
552 849
554 638
554 639
554 713
554 876
555 605
555 659
555 817
556 838
556 844
556 915
557 665
557 881
557 916
558 645
558 898
559 616
559 690
560 616
560 897
561 771
561 916
562 626
562 680
563 741
563 829
563 911
564 783
564 919
565 854
566 775
566 808
567 706
567 754
568 712
568 894
569 601
569 669
569 723
569 771
569 909
570 670
570 765
570 837
570 917
570 930
571 579
571 663
571 867
571 891
572 739
572 849
572 890
573 637
573 757
573 840
573 929
574 790
574 793
574 829
574 938
575 586
575 604
575 770
576 618
576 741
576 852
576 890
577 681
577 814
580 605
580 899
581 614
581 785
581 928
582 646
582 684
582 709
582 806
583 637
583 661
583 779
584 852
585 610
585 648
585 666
585 824
585 928
586 635
586 793
586 868
586 890
587 666
587 841
588 621
588 718
588 750
589 622
589 646
589 881
590 870
591 830
591 884
592 636
592 671
593 626
593 706
593 738
593 784
593 801
594 781
595 821
596 661
596 693
596 695
596 926
597 647
597 715
597 877
597 930
598 720
598 785
599 607
599 898
599 914
599 927
600 756
600 936
601 838
601 856
601 928
602 625
602 717
603 626
603 687
603 910
604 724
604 780
605 672
605 841
606 766
606 800
606 863
607 670
607 702
607 744
607 904
608 652
608 677
608 678
608 691
608 738
608 794
608 821
608 871
609 734
610 624
610 679
610 757
611 756
612 635
612 911
613 929
614 655
615 652
616 689
616 694
617 879
618 647
618 866
618 875
619 679
619 813
619 871
619 895
620 631
620 923
621 927
622 756
622 809
622 839
623 631
623 641
623 689
623 781
624 728
624 865
625 916
625 928
626 870
626 893
627 632
627 707
627 719
627 893
629 892
630 644
630 653
630 797
631 709
634 691
634 694
635 783
636 773
636 856
637 825
638 742
638 908
639 752
639 873
640 927
641 726
641 829
643 695
643 789
643 892
643 893
644 651
645 830
645 884
646 782
647 663
647 731
647 869
647 875
647 926
648 710
648 781
650 732
650 933
651 680
651 772
651 895
652 711
652 717
652 884
653 657
653 748
653 786
653 843
654 761
654 922
656 705
656 819
658 772
659 933
660 729
660 936
661 731
661 776
661 816
662 728
662 847
662 894
662 904
663 762
663 785
664 839
664 911
665 693
665 695
665 732
665 820
666 718
666 909
666 922
666 934
667 691
667 700
667 752
667 858
668 888
668 914
669 821
669 832
669 929
670 904
670 916
671 754
672 898
673 755
674 879
674 904
675 764
675 850
677 760
677 886
678 889
679 784
679 793
681 759
681 821
681 902
681 923
682 688
684 748
684 759
685 837
685 935
686 864
686 934
687 865
687 876
689 866
690 699
690 754
691 721
691 837
692 744
692 875
694 699
694 742
694 809
694 925
697 759
697 795
698 790
698 932
699 918
702 773
703 850
703 880
704 818
705 786
706 881
711 716
712 887
713 725
714 825
715 826
716 740
717 896
718 762
718 895
719 845
720 830
722 781
724 898
725 726
725 738
726 753
726 758
726 878
727 885
728 793
729 887
730 874
731 848
732 736
732 939
733 788
733 821
733 928
734 906
736 755
736 886
737 798
738 904
739 774
739 824
739 898
739 921
739 924
740 777
740 930
741 786
743 824
743 852
743 881
745 758
746 915
748 775
751 777
751 817
751 938
753 763
753 863
753 915
753 920
753 921
754 845
755 866
756 920
757 814
757 825
758 813
760 829
761 811
761 836
761 899
762 775
764 877
769 790
769 844
769 885
770 831
770 871
771 792
772 888
774 874
775 882
775 934
776 828
777 884
777 935
778 834
779 801
779 819
779 834
779 896
780 792
782 819
783 809
785 884
786 820
787 872
788 873
789 793
789 859
790 830
791 807
791 866
792 872
795 803
795 903
797 859
797 870
797 881
797 886
799 871
800 805
802 828
802 915
807 890
808 810
815 875
818 905
819 828
822 905
826 841
832 914
833 895
836 909
837 905
844 859
850 906
851 861
853 893
855 915
855 919
856 893
856 905
856 920
859 887
860 890
864 900
865 913
866 929
867 922
869 912
873 937
875 883
882 896
883 917
884 904
886 932
888 921
901 905
910 913
912 922
926 934
940 416
940 941
940 942
940 943
941 484
941 942
941 943
942 619
942 943
943 790
