278 1090
0 1
0 2
0 3
0 4
0 5
0 6
0 7
0 8
0 9
0 10
0 11
0 12
0 13
0 14
0 15
0 16
0 17
0 18
0 19
0 20
0 21
0 22
0 23
0 24
0 25
0 26
0 27
0 28
0 29
0 30
0 31
0 32
0 33
0 34
0 35
0 36
0 37
0 38
0 39
0 40
0 41
0 42
0 43
0 44
0 45
0 46
0 47
0 48
0 49
0 50
0 51
0 52
0 53
0 54
0 55
0 56
0 57
0 58
0 59
0 60
0 61
0 62
0 63
0 64
0 65
0 66
0 67
0 68
0 69
0 70
0 71
0 72
0 73
0 74
0 75
0 76
0 77
0 78
0 79
0 80
0 81
0 82
0 83
0 84
0 85
0 86
0 87
0 88
0 89
0 90
0 91
0 92
0 93
0 94
0 95
0 96
0 97
0 98
0 99
0 100
0 101
0 102
0 103
0 104
0 105
0 106
0 107
0 108
0 109
0 110
0 111
0 112
0 113
0 114
0 115
0 116
0 117
0 118
0 119
0 120
0 121
0 122
0 123
0 124
0 125
0 126
0 127
0 128
0 129
0 130
0 131
0 132
0 133
0 134
0 135
0 136
0 137
0 138
0 139
0 140
0 141
0 142
0 143
0 144
0 145
0 146
0 147
0 148
0 149
0 150
0 151
0 152
0 153
0 154
0 155
0 156
0 157
0 158
0 159
0 160
0 161
0 162
0 163
0 164
0 165
0 166
0 167
0 168
0 169
0 170
0 171
0 172
0 173
0 174
0 175
0 176
0 177
0 178
0 179
0 180
0 181
0 182
0 183
0 184
0 185
0 186
0 187
0 188
0 189
0 190
0 191
0 192
0 193
0 194
0 195
0 196
0 197
0 198
0 199
0 200
0 201
0 202
0 203
0 204
0 205
0 206
0 207
0 208
0 209
0 210
0 211
0 212
0 213
0 214
0 215
0 216
0 217
0 218
0 219
0 220
0 221
0 222
0 223
0 224
0 225
0 226
0 227
0 228
0 229
0 230
0 231
0 232
0 233
0 234
0 235
0 236
0 237
0 238
0 239
0 240
0 241
0 242
0 243
0 244
0 245
0 246
0 247
0 248
0 249
0 250
0 251
0 252
0 253
0 254
0 255
0 256
0 257
0 258
0 259
0 260
0 261
0 262
0 263
0 264
0 265
0 266
0 267
0 268
0 269
0 270
0 271
0 272
0 273
1 31
1 85
1 165
1 176
1 209
1 244
1 270
2 37
3 66
3 88
3 95
3 99
3 106
3 196
3 266
4 11
4 15
4 99
4 109
4 229
4 238
5 6
5 7
5 43
5 65
5 85
5 117
5 136
5 155
5 171
5 192
5 259
6 32
6 240
7 15
7 20
7 54
7 105
7 157
7 204
7 243
8 41
8 96
8 103
9 87
9 117
9 142
9 193
9 209
9 248
10 77
10 105
10 147
10 248
11 60
11 89
11 101
11 166
11 170
11 204
11 220
11 263
12 133
12 170
12 222
12 227
12 239
12 251
13 23
13 57
13 65
13 80
13 121
13 148
14 114
14 147
14 184
14 194
15 72
15 92
15 131
15 164
15 196
15 218
15 245
16 19
16 74
16 123
16 161
16 197
16 216
16 272
17 94
17 144
18 22
18 36
18 70
18 101
18 102
18 247
19 24
19 89
19 144
19 203
19 247
20 60
20 127
20 167
20 250
21 92
21 151
21 200
21 255
21 261
22 33
22 60
22 144
22 205
22 271
23 47
23 120
23 222
23 236
23 242
24 102
24 105
24 145
24 154
24 189
24 203
24 230
25 207
25 250
26 63
26 64
26 101
26 175
26 237
26 250
27 33
27 38
27 59
27 82
27 118
27 258
28 126
28 206
28 264
29 51
29 68
29 88
29 104
29 154
29 186
29 220
29 270
30 142
30 203
30 205
30 234
31 179
31 194
31 239
31 248
32 122
32 123
32 194
32 218
33 41
33 112
33 142
33 146
33 154
33 167
33 184
33 206
33 208
33 222
33 234
34 194
34 235
34 250
34 258
35 61
35 80
35 124
35 134
35 186
36 54
36 114
36 124
36 234
37 78
37 120
37 137
37 180
37 256
38 71
38 91
38 106
38 147
38 216
38 264
39 92
39 126
39 152
39 201
40 41
40 109
40 179
41 49
41 74
41 111
41 114
41 197
41 214
41 263
42 125
42 143
42 211
42 221
43 45
43 53
43 80
43 118
43 231
43 247
43 260
44 129
44 234
44 242
45 188
45 235
45 239
45 250
45 270
46 210
47 68
47 71
47 205
48 195
48 231
48 260
49 53
49 125
49 173
49 230
50 119
50 170
51 76
51 103
51 160
51 169
52 55
52 65
52 115
52 226
52 227
52 241
53 59
53 102
53 160
53 233
54 184
54 189
54 245
54 264
55 61
55 71
55 152
55 186
56 59
56 152
56 237
56 256
57 160
57 231
57 236
57 260
58 94
58 142
58 186
58 211
58 225
59 77
59 79
59 157
59 177
59 254
59 257
60 149
60 247
61 84
61 141
61 193
61 246
62 103
62 109
62 115
62 185
62 214
62 242
63 145
63 149
63 180
63 183
63 203
63 207
63 257
63 269
64 118
64 136
64 187
64 228
64 235
64 253
65 76
65 241
66 168
66 228
67 132
67 138
67 145
67 152
67 165
68 119
68 151
68 178
69 76
69 168
69 213
69 266
70 78
70 138
70 139
70 143
70 146
70 202
70 226
70 234
71 76
71 142
71 161
71 179
71 183
71 225
71 256
71 257
72 227
72 261
72 268
73 157
73 159
73 232
74 82
74 136
74 200
74 230
75 94
75 99
75 217
76 111
76 121
76 203
77 148
77 156
78 175
78 237
79 104
79 174
79 195
79 267
80 87
80 90
80 113
80 118
80 164
80 186
80 188
80 260
81 116
81 150
81 230
81 266
82 94
82 126
82 133
83 153
83 167
83 228
83 237
83 242
83 251
84 128
84 153
84 183
84 210
84 224
84 268
84 273
85 143
85 151
85 193
85 194
86 110
86 160
86 185
87 133
87 183
87 250
88 95
88 112
88 122
88 190
88 257
89 124
89 137
89 231
90 130
90 193
90 234
90 252
91 115
91 178
91 229
91 265
92 112
92 204
93 110
93 161
93 213
93 215
94 117
94 160
94 264
95 106
95 144
95 189
95 269
96 191
96 205
97 149
97 215
97 222
97 235
97 237
97 268
97 270
98 111
98 124
98 153
98 162
98 166
98 232
99 104
99 141
99 188
99 222
99 243
99 269
100 104
100 114
100 228
100 238
101 107
101 111
101 113
101 114
101 125
101 168
101 270
102 107
102 142
102 181
102 207
102 241
103 113
103 129
103 137
103 156
103 163
103 196
103 230
104 140
104 146
104 266
105 132
105 135
105 141
105 167
105 195
106 114
106 136
106 171
106 200
106 214
106 227
107 160
107 180
107 181
107 194
107 220
107 245
108 170
108 200
108 202
108 222
108 256
109 114
109 127
109 206
110 144
110 148
110 157
110 186
111 196
111 201
111 248
112 167
112 236
112 240
113 167
113 200
114 133
114 145
114 146
114 192
114 215
114 227
114 255
115 128
116 126
116 155
116 172
117 123
117 185
117 210
118 197
118 199
118 227
119 140
119 163
119 191
119 234
120 158
120 198
120 227
121 158
121 171
121 202
121 203
122 147
122 202
123 164
123 175
123 193
123 217
123 218
123 219
123 258
124 200
125 197
125 225
126 134
126 203
126 231
126 233
126 241
127 131
127 138
127 145
127 188
127 207
127 262
128 132
128 138
128 143
128 175
128 189
128 194
128 218
128 265
129 200
130 136
130 142
130 176
131 169
131 193
131 220
131 261
132 141
133 209
133 229
134 135
134 200
134 222
134 247
135 189
135 248
135 267
135 268
136 166
136 213
136 232
136 263
137 152
138 163
138 244
139 141
139 149
139 168
139 244
140 159
140 168
140 189
141 192
143 147
143 210
143 211
143 229
143 245
144 159
144 170
144 171
144 218
144 251
145 208
145 221
146 158
146 161
146 207
147 213
147 234
148 156
148 233
148 263
148 269
149 228
149 266
150 159
150 185
150 188
150 195
151 257
152 178
153 191
153 239
154 225
155 162
156 213
156 230
157 167
157 210
158 165
158 194
159 215
159 246
160 193
161 166
161 172
161 182
161 213
161 224
161 228
161 239
161 244
161 260
162 239
163 212
163 224
163 225
163 272
164 268
165 222
165 248
167 170
168 265
169 178
169 194
169 212
169 272
170 180
171 232
172 243
173 209
173 229
174 181
175 198
175 199
175 263
176 185
176 188
176 225
177 187
177 195
178 229
178 258
179 222
179 246
180 250
181 198
182 192
182 237
182 239
183 201
183 212
183 229
183 235
183 240
183 262
184 218
185 197
185 247
186 264
187 211
187 227
189 260
189 263
191 222
193 209
193 256
194 237
194 243
194 266
195 203
196 197
196 224
197 209
197 219
197 227
197 271
198 203
198 246
198 262
200 268
201 249
201 252
201 253
201 264
202 230
202 269
203 226
204 258
205 245
207 221
207 227
207 251
208 243
208 250
210 211
210 229
210 262
210 266
212 224
213 219
213 245
214 224
214 236
214 249
215 219
216 217
216 233
216 245
216 258
216 266
217 265
219 254
220 244
221 231
222 244
222 268
223 258
223 264
224 230
225 249
225 267
227 234
228 247
228 265
229 232
229 240
232 235
232 236
232 237
232 247
232 249
232 250
233 257
233 266
234 252
234 269
235 246
239 242
239 265
241 245
242 243
243 253
244 269
246 263
246 269
249 260
251 258
256 270
256 272
263 272
265 269
267 269
274 7
274 275
274 276
274 277
275 27
275 276
275 277
276 163
276 277
277 227
