389 1541
0 1
0 2
0 3
0 4
0 5
0 6
0 7
0 8
0 9
0 10
0 11
0 12
0 13
0 14
0 15
0 16
0 17
0 18
0 19
0 20
0 21
0 22
0 23
0 24
0 25
0 26
0 27
0 28
0 29
0 30
0 31
0 32
0 33
0 34
0 35
0 36
0 37
0 38
0 39
0 40
0 41
0 42
0 43
0 44
0 45
0 46
0 47
0 48
0 49
0 50
0 51
0 52
0 53
0 54
0 55
0 56
0 57
0 58
0 59
0 60
0 61
0 62
0 63
0 64
0 65
0 66
0 67
0 68
0 69
0 70
0 71
0 72
0 73
0 74
0 75
0 76
0 77
0 78
0 79
0 80
0 81
0 82
0 83
0 84
0 85
0 86
0 87
0 88
0 89
0 90
0 91
0 92
0 93
0 94
0 95
0 96
0 97
0 98
0 99
0 100
0 101
0 102
0 103
0 104
0 105
0 106
0 107
0 108
0 109
0 110
0 111
0 112
0 113
0 114
0 115
0 116
0 117
0 118
0 119
0 120
0 121
0 122
0 123
0 124
0 125
0 126
0 127
0 128
0 129
0 130
0 131
0 132
0 133
0 134
0 135
0 136
0 137
0 138
0 139
0 140
0 141
0 142
0 143
0 144
0 145
0 146
0 147
0 148
0 149
0 150
0 151
0 152
0 153
0 154
0 155
0 156
0 157
0 158
0 159
0 160
0 161
0 162
0 163
0 164
0 165
0 166
0 167
0 168
0 169
0 170
0 171
0 172
0 173
0 174
0 175
0 176
0 177
0 178
0 179
0 180
0 181
0 182
0 183
0 184
0 185
0 186
0 187
0 188
0 189
0 190
0 191
0 192
0 193
0 194
0 195
0 196
0 197
0 198
0 199
0 200
0 201
0 202
0 203
0 204
0 205
0 206
0 207
0 208
0 209
0 210
0 211
0 212
0 213
0 214
0 215
0 216
0 217
0 218
0 219
0 220
0 221
0 222
0 223
0 224
0 225
0 226
0 227
0 228
0 229
0 230
0 231
0 232
0 233
0 234
0 235
0 236
0 237
0 238
0 239
0 240
0 241
0 242
0 243
0 244
0 245
0 246
0 247
0 248
0 249
0 250
0 251
0 252
0 253
0 254
0 255
0 256
0 257
0 258
0 259
0 260
0 261
0 262
0 263
0 264
0 265
0 266
0 267
0 268
0 269
0 270
0 271
0 272
0 273
0 274
0 275
0 276
0 277
0 278
0 279
0 280
0 281
0 282
0 283
0 284
0 285
0 286
0 287
0 288
0 289
0 290
0 291
0 292
0 293
0 294
0 295
0 296
0 297
0 298
0 299
0 300
0 301
0 302
0 303
0 304
0 305
0 306
0 307
0 308
0 309
0 310
0 311
0 312
0 313
0 314
0 315
0 316
0 317
0 318
0 319
0 320
0 321
0 322
0 323
0 324
0 325
0 326
0 327
0 328
0 329
0 330
0 331
0 332
0 333
0 334
0 335
0 336
0 337
0 338
0 339
0 340
0 341
0 342
0 343
0 344
0 345
0 346
0 347
0 348
0 349
0 350
0 351
0 352
0 353
0 354
0 355
0 356
0 357
0 358
0 359
0 360
0 361
0 362
0 363
0 364
0 365
0 366
0 367
0 368
0 369
0 370
0 371
0 372
0 373
0 374
0 375
0 376
0 377
0 378
0 379
0 380
0 381
0 382
0 383
0 384
1 113
1 322
2 17
2 116
2 118
2 264
2 370
2 383
3 20
3 152
3 327
3 344
3 349
4 79
4 248
4 361
5 89
5 177
5 191
5 343
5 349
5 381
6 61
6 97
6 98
6 149
6 190
6 197
6 329
6 369
7 79
7 104
7 130
7 302
8 18
8 177
8 194
8 218
8 245
8 324
8 365
8 367
9 41
9 99
9 163
9 190
9 296
9 338
9 376
10 81
10 247
10 248
10 249
10 252
10 325
11 64
11 220
11 222
11 223
12 21
12 108
12 131
12 167
12 197
13 39
13 72
13 154
13 155
13 183
13 233
13 278
13 302
13 354
13 382
14 29
14 59
14 106
14 219
14 225
14 373
15 17
15 119
15 121
15 126
15 165
15 193
16 19
16 74
16 184
16 192
16 272
16 375
17 29
17 63
17 126
17 194
17 241
17 287
17 342
18 57
18 134
18 175
19 123
19 180
19 195
19 264
19 285
19 313
20 132
20 207
20 210
20 238
20 278
21 73
21 80
21 122
21 144
21 177
21 233
21 317
21 339
22 28
22 94
22 133
22 224
22 229
22 256
23 65
23 84
23 128
23 161
23 203
23 222
23 255
23 332
23 381
24 131
24 151
24 193
24 206
24 351
25 64
25 144
25 167
25 277
25 283
25 318
25 321
26 122
26 171
26 179
26 347
27 86
27 102
27 378
28 82
28 111
28 119
28 292
29 191
29 195
29 204
29 224
29 280
29 299
30 266
30 363
31 34
31 60
31 164
31 213
31 221
31 232
32 82
32 88
32 100
32 193
32 199
32 238
33 160
33 340
34 100
34 160
34 195
34 204
34 302
34 353
34 362
35 178
35 257
35 320
35 337
36 78
36 113
36 161
36 173
36 181
36 188
36 265
36 330
36 347
36 381
37 69
37 257
37 336
37 342
38 75
38 214
38 273
38 284
39 47
39 216
39 269
39 345
40 138
40 150
40 256
40 291
40 300
40 319
40 357
41 104
41 134
41 178
41 193
41 273
41 351
42 77
42 100
42 148
42 260
42 270
42 289
42 359
43 160
43 200
43 219
43 319
44 54
44 142
45 65
45 110
45 120
45 274
46 142
46 240
46 326
47 77
47 145
47 298
48 148
48 180
48 206
48 215
48 241
48 327
48 364
49 87
49 264
49 267
49 283
49 290
49 353
50 97
50 104
50 117
50 322
51 77
51 83
51 118
51 181
52 70
52 97
52 109
52 112
52 214
53 129
53 184
54 270
54 366
54 371
54 377
54 382
55 89
55 130
55 190
55 258
55 321
55 335
55 357
56 75
56 110
56 131
56 304
56 374
56 384
57 153
57 185
57 285
58 111
58 137
58 173
58 250
58 347
58 362
58 371
59 73
59 122
59 334
60 202
60 225
60 287
60 301
60 331
61 152
61 215
61 229
61 235
61 292
61 349
61 370
62 117
62 135
62 171
62 178
62 269
62 373
63 142
63 184
63 323
63 325
63 378
63 383
64 77
64 118
64 219
64 308
64 364
64 368
65 70
65 81
65 155
65 235
65 283
65 323
66 141
66 143
66 177
66 314
66 325
67 74
67 119
67 128
67 223
68 246
68 277
69 112
69 125
69 151
69 173
70 156
70 362
71 129
71 160
71 195
71 273
71 314
71 341
71 380
72 202
72 226
73 79
73 131
73 155
73 158
73 203
73 229
73 256
73 314
74 199
74 238
74 246
74 343
74 380
75 188
76 136
76 172
76 225
76 251
77 92
77 96
77 176
77 180
77 191
77 309
78 79
78 146
78 258
78 330
78 383
79 100
79 299
79 367
80 160
80 199
80 203
80 206
80 256
80 288
80 365
81 86
81 181
81 218
81 229
82 225
82 369
82 382
83 95
83 174
83 331
83 334
83 346
83 361
84 155
84 181
84 186
84 213
84 266
84 333
84 335
84 353
84 363
85 150
85 227
85 293
86 89
86 98
86 107
86 150
86 171
86 263
86 302
86 372
87 365
88 182
88 291
88 292
88 301
88 311
88 373
89 122
89 149
89 211
89 292
89 344
90 101
90 116
90 149
90 151
90 187
90 244
90 254
90 367
91 157
91 185
91 236
91 306
91 328
91 346
92 131
92 133
92 144
92 151
92 156
92 233
93 228
93 266
93 274
93 286
93 315
93 323
93 339
93 377
94 110
94 170
94 178
94 269
94 313
94 345
95 124
95 161
95 263
96 151
96 364
96 365
96 377
97 226
98 157
98 243
99 113
99 199
99 263
99 283
99 295
99 313
100 243
100 317
100 366
101 106
101 173
102 118
102 186
102 251
102 281
103 171
103 188
103 219
104 204
104 220
104 321
105 183
105 193
105 281
105 308
105 378
106 175
106 230
106 265
106 273
106 286
106 313
106 377
107 116
107 117
107 168
107 238
107 257
107 362
108 162
108 247
109 154
109 165
109 197
109 275
109 348
110 133
111 130
111 238
112 180
112 230
112 311
112 338
112 374
113 204
113 273
113 293
113 349
113 351
114 143
114 225
114 252
114 274
114 291
114 335
114 354
114 371
115 147
115 176
115 178
115 294
116 147
116 194
116 208
116 257
116 297
116 327
116 379
117 200
117 248
117 379
118 176
118 229
118 266
118 325
118 343
119 181
119 258
119 279
119 294
120 250
120 299
120 301
120 316
121 167
121 173
121 223
121 279
121 319
121 337
121 353
121 368
122 171
122 210
122 249
122 260
123 196
123 306
123 311
123 360
124 142
124 314
125 147
125 204
125 216
125 249
125 258
125 314
125 381
126 193
126 266
126 301
127 194
127 199
127 296
127 349
127 384
128 289
129 185
129 255
129 324
129 379
130 135
130 194
130 265
130 359
130 376
131 186
131 218
131 255
131 290
131 296
131 324
131 349
131 367
132 218
132 312
133 162
133 250
133 329
133 351
134 165
134 198
134 261
134 289
134 342
134 362
135 153
135 186
135 187
135 197
135 207
135 322
135 328
135 337
135 368
136 373
137 200
137 275
137 330
137 381
138 141
138 176
138 203
138 252
138 286
138 324
138 349
139 167
139 225
139 249
139 361
140 243
140 383
141 258
141 367
142 261
142 323
143 178
143 184
143 199
143 259
143 323
144 190
144 196
144 203
144 216
144 294
145 171
145 183
145 208
145 299
145 340
146 218
146 224
146 257
146 286
147 172
147 173
147 237
147 336
147 341
149 166
149 187
149 221
149 300
149 307
149 327
149 344
149 360
150 268
150 276
150 373
151 298
151 372
152 164
152 201
152 264
153 215
153 218
153 257
153 300
154 173
154 214
154 275
154 313
155 231
156 252
156 267
156 302
157 286
158 220
159 186
159 211
159 225
159 241
159 245
159 252
159 271
160 235
160 242
161 188
162 202
162 213
162 281
163 229
164 209
164 241
164 251
164 257
164 343
164 384
165 203
165 299
165 301
165 346
165 350
165 369
166 189
166 224
166 294
166 335
166 338
166 346
166 352
167 204
167 265
167 317
167 361
168 169
168 362
169 270
169 272
169 279
169 329
169 354
169 364
169 371
169 378
170 258
170 262
170 317
170 350
171 316
172 300
172 365
173 180
173 182
173 184
173 359
174 177
174 202
174 289
174 305
175 220
175 223
176 344
176 365
176 378
177 238
177 254
177 273
177 314
178 374
178 376
179 184
179 208
179 284
179 288
179 320
179 367
179 379
180 210
180 355
181 233
182 218
182 263
182 339
183 311
183 330
183 381
184 255
184 270
185 203
185 205
185 269
186 199
186 200
186 206
186 245
186 251
186 254
186 268
186 276
186 298
186 345
187 212
187 247
187 314
187 338
187 375
188 196
188 368
189 231
189 233
189 238
189 294
189 369
190 196
190 201
190 378
192 210
193 253
193 262
194 201
194 242
194 374
195 226
195 328
195 349
196 258
196 337
196 375
197 203
197 284
197 305
198 353
199 229
199 281
199 307
200 302
200 315
201 247
201 329
201 381
202 348
203 207
203 208
204 334
204 350
205 255
205 257
206 285
206 342
206 354
207 320
208 284
209 276
209 282
209 342
210 214
210 263
211 246
211 289
211 372
212 283
212 327
212 383
213 245
213 310
214 225
214 310
214 313
214 323
215 241
215 270
215 271
216 221
216 366
218 242
219 237
219 264
219 265
219 272
219 307
219 315
219 345
220 232
220 254
220 287
220 331
220 384
221 371
222 278
222 326
222 366
223 301
223 357
223 360
224 304
226 290
226 359
227 245
227 323
227 383
228 330
228 354
229 353
230 283
230 292
231 249
232 299
232 325
233 348
234 296
234 311
234 322
235 357
236 279
236 306
236 320
238 288
238 302
238 327
238 331
238 369
239 260
239 298
240 324
242 296
243 326
243 330
244 250
244 270
244 277
244 306
244 347
245 275
245 294
246 297
246 307
246 335
246 368
248 343
248 348
248 361
249 268
249 286
249 298
250 260
251 296
251 318
251 321
251 371
252 270
253 290
253 354
253 370
253 372
254 257
254 272
254 348
254 366
254 372
256 261
256 334
256 336
258 266
258 293
258 300
258 358
259 280
259 333
259 349
259 354
261 360
261 368
262 266
262 314
264 279
264 359
264 362
265 358
266 302
266 329
266 382
267 349
268 380
270 285
270 298
270 307
270 326
270 373
270 383
272 324
272 357
272 377
273 276
273 288
273 300
273 312
273 324
273 342
273 347
274 337
274 343
274 378
275 378
276 356
278 326
278 359
278 369
279 313
279 353
280 336
280 367
281 305
282 374
283 375
285 323
285 329
286 330
286 342
286 379
287 312
288 295
289 329
290 303
290 304
290 339
290 341
291 345
291 377
291 380
292 323
292 346
292 371
293 371
294 315
294 360
295 366
296 373
296 383
297 306
297 311
297 375
298 322
299 331
300 348
300 360
300 372
301 327
302 305
303 355
303 369
303 374
303 380
304 343
304 351
304 380
305 342
305 346
305 350
305 361
307 319
307 356
308 350
310 312
311 367
313 370
314 328
315 372
316 372
318 381
319 323
320 328
320 340
323 374
326 335
326 360
330 366
331 336
332 360
333 368
333 374
334 359
334 384
335 347
335 366
336 355
339 342
340 361
340 373
345 362
346 359
347 353
347 369
349 364
351 372
354 363
354 369
357 380
360 370
368 379
372 379
372 382
377 381
381 384
385 168
385 386
385 387
385 388
386 51
386 387
386 388
387 147
387 388
388 17
