426 1688
0 1
0 2
0 3
0 4
0 5
0 6
0 7
0 8
0 9
0 10
0 11
0 12
0 13
0 14
0 15
0 16
0 17
0 18
0 19
0 20
0 21
0 22
0 23
0 24
0 25
0 26
0 27
0 28
0 29
0 30
0 31
0 32
0 33
0 34
0 35
0 36
0 37
0 38
0 39
0 40
0 41
0 42
0 43
0 44
0 45
0 46
0 47
0 48
0 49
0 50
0 51
0 52
0 53
0 54
0 55
0 56
0 57
0 58
0 59
0 60
0 61
0 62
0 63
0 64
0 65
0 66
0 67
0 68
0 69
0 70
0 71
0 72
0 73
0 74
0 75
0 76
0 77
0 78
0 79
0 80
0 81
0 82
0 83
0 84
0 85
0 86
0 87
0 88
0 89
0 90
0 91
0 92
0 93
0 94
0 95
0 96
0 97
0 98
0 99
0 100
0 101
0 102
0 103
0 104
0 105
0 106
0 107
0 108
0 109
0 110
0 111
0 112
0 113
0 114
0 115
0 116
0 117
0 118
0 119
0 120
0 121
0 122
0 123
0 124
0 125
0 126
0 127
0 128
0 129
0 130
0 131
0 132
0 133
0 134
0 135
0 136
0 137
0 138
0 139
0 140
0 141
0 142
0 143
0 144
0 145
0 146
0 147
0 148
0 149
0 150
0 151
0 152
0 153
0 154
0 155
0 156
0 157
0 158
0 159
0 160
0 161
0 162
0 163
0 164
0 165
0 166
0 167
0 168
0 169
0 170
0 171
0 172
0 173
0 174
0 175
0 176
0 177
0 178
0 179
0 180
0 181
0 182
0 183
0 184
0 185
0 186
0 187
0 188
0 189
0 190
0 191
0 192
0 193
0 194
0 195
0 196
0 197
0 198
0 199
0 200
0 201
0 202
0 203
0 204
0 205
0 206
0 207
0 208
0 209
0 210
0 211
0 212
0 213
0 214
0 215
0 216
0 217
0 218
0 219
0 220
0 221
0 222
0 223
0 224
0 225
0 226
0 227
0 228
0 229
0 230
0 231
0 232
0 233
0 234
0 235
0 236
0 237
0 238
0 239
0 240
0 241
0 242
0 243
0 244
0 245
0 246
0 247
0 248
0 249
0 250
0 251
0 252
0 253
0 254
0 255
0 256
0 257
0 258
0 259
0 260
0 261
0 262
0 263
0 264
0 265
0 266
0 267
0 268
0 269
0 270
0 271
0 272
0 273
0 274
0 275
0 276
0 277
0 278
0 279
0 280
0 281
0 282
0 283
0 284
0 285
0 286
0 287
0 288
0 289
0 290
0 291
0 292
0 293
0 294
0 295
0 296
0 297
0 298
0 299
0 300
0 301
0 302
0 303
0 304
0 305
0 306
0 307
0 308
0 309
0 310
0 311
0 312
0 313
0 314
0 315
0 316
0 317
0 318
0 319
0 320
0 321
0 322
0 323
0 324
0 325
0 326
0 327
0 328
0 329
0 330
0 331
0 332
0 333
0 334
0 335
0 336
0 337
0 338
0 339
0 340
0 341
0 342
0 343
0 344
0 345
0 346
0 347
0 348
0 349
0 350
0 351
0 352
0 353
0 354
0 355
0 356
0 357
0 358
0 359
0 360
0 361
0 362
0 363
0 364
0 365
0 366
0 367
0 368
0 369
0 370
0 371
0 372
0 373
0 374
0 375
0 376
0 377
0 378
0 379
0 380
0 381
0 382
0 383
0 384
0 385
0 386
0 387
0 388
0 389
0 390
0 391
0 392
0 393
0 394
0 395
0 396
0 397
0 398
0 399
0 400
0 401
0 402
0 403
0 404
0 405
0 406
0 407
0 408
0 409
0 410
0 411
0 412
0 413
0 414
0 415
0 416
0 417
0 418
0 419
0 420
0 421
1 150
1 246
1 277
1 390
2 65
2 76
2 124
2 152
2 197
2 311
2 353
2 382
3 33
3 85
3 86
3 138
3 155
3 209
3 214
3 266
3 330
5 190
5 194
5 216
5 225
5 339
5 341
5 397
5 421
6 51
6 133
6 138
6 166
6 169
6 314
6 346
6 350
6 386
7 211
7 231
8 27
8 76
8 136
8 211
8 222
8 289
8 294
9 40
9 44
9 72
9 314
9 345
9 346
9 366
10 131
10 141
10 156
10 200
10 246
10 282
10 298
10 334
11 117
11 162
11 196
11 232
11 255
11 322
11 332
12 110
12 217
12 343
12 374
13 199
13 225
13 233
13 328
13 360
14 103
14 110
14 139
14 317
15 25
15 54
15 121
15 288
15 308
15 403
16 134
16 179
16 197
16 205
16 265
16 270
16 276
17 193
17 216
17 276
17 387
18 181
18 233
18 331
18 417
19 167
19 225
19 372
19 389
19 403
20 42
20 75
20 110
20 131
20 202
21 35
21 204
21 210
21 211
21 279
21 287
21 293
21 329
22 40
22 87
22 157
22 384
22 397
22 421
23 29
23 326
23 329
23 410
24 66
24 172
24 261
24 375
25 208
26 90
26 179
26 207
26 217
26 239
26 309
26 374
27 78
27 114
27 223
27 266
27 276
27 303
27 319
27 415
28 98
28 183
28 230
28 286
28 288
28 396
29 60
29 111
29 231
29 323
29 395
29 397
30 141
30 172
30 236
30 266
30 280
30 303
30 411
31 95
31 221
31 311
31 312
31 343
31 354
31 357
31 363
32 177
32 209
32 311
33 90
33 296
33 411
34 109
34 267
34 273
34 285
34 323
35 51
35 185
35 224
35 251
35 289
35 384
35 393
36 100
36 104
36 255
37 49
37 64
37 171
37 275
37 310
37 360
38 55
38 87
38 113
38 351
38 365
38 369
39 146
39 223
39 273
39 338
39 359
40 349
40 366
41 119
41 152
41 242
41 368
42 69
42 157
42 238
42 310
43 119
43 132
43 357
43 405
44 127
44 221
44 234
44 392
45 58
45 224
45 305
45 340
45 374
45 396
45 400
46 87
46 119
46 192
47 140
47 239
47 307
47 355
48 285
49 172
49 176
49 181
49 217
49 359
49 402
50 194
50 249
50 261
50 365
50 385
51 214
51 366
51 402
52 145
52 210
52 249
52 343
53 60
53 162
53 182
53 328
53 332
53 348
53 389
54 64
54 88
54 119
54 164
54 212
54 338
54 396
55 116
55 127
55 226
55 278
55 312
55 325
55 337
55 343
56 175
56 193
56 203
56 382
58 120
58 125
58 280
58 339
58 369
58 385
59 135
59 171
59 334
59 380
59 391
59 402
60 68
60 127
60 160
60 220
60 223
60 255
60 280
61 118
61 133
61 335
61 401
62 134
62 280
62 378
63 76
63 110
63 334
63 395
63 403
64 169
64 184
64 193
64 240
64 278
64 285
64 286
64 365
65 68
65 179
65 197
65 205
65 290
65 320
66 281
66 320
66 378
67 171
67 240
67 366
68 145
68 238
68 253
68 328
69 78
69 126
69 154
69 320
69 385
70 194
70 202
70 313
70 393
71 206
71 242
71 310
72 102
72 131
72 252
72 386
73 201
73 327
73 414
74 98
74 265
74 307
74 356
74 412
75 126
75 383
76 102
76 161
76 241
76 318
77 81
77 111
77 134
77 271
77 341
77 361
77 374
78 176
78 363
78 372
78 374
78 406
79 128
79 392
81 278
81 329
81 378
81 398
81 410
82 117
82 120
83 101
83 145
84 109
84 139
84 280
84 307
84 334
84 335
84 366
85 122
85 174
86 103
86 294
86 380
86 410
87 139
87 213
87 329
87 395
88 135
88 138
88 150
88 158
88 193
88 252
89 211
89 270
90 103
90 123
90 145
90 153
90 163
90 198
90 201
90 253
90 270
90 326
90 332
91 99
91 390
92 105
92 130
92 153
92 154
92 207
92 212
92 257
92 298
92 390
93 218
93 286
93 318
94 108
94 127
94 224
95 122
95 171
95 305
95 403
96 254
96 257
96 261
96 290
96 335
96 358
97 146
97 195
97 224
97 238
97 239
97 293
97 418
98 188
98 200
98 235
98 304
98 307
99 261
99 315
99 341
100 149
100 155
100 177
100 200
100 274
100 392
101 140
101 211
101 232
102 170
102 232
102 403
103 218
103 258
103 281
103 327
103 396
104 123
104 144
104 172
104 215
104 253
104 361
104 421
105 229
105 285
105 370
105 376
105 381
106 135
106 216
106 276
106 314
107 278
107 329
107 398
108 175
108 195
108 247
108 265
108 302
108 393
108 417
109 177
109 178
109 187
109 264
109 287
109 299
109 398
110 139
110 204
110 326
111 246
111 331
111 343
111 357
112 225
112 308
113 218
113 310
113 327
113 331
113 349
113 362
113 378
113 381
113 387
113 409
114 116
114 194
114 276
114 329
114 332
114 339
114 398
114 418
115 192
115 204
115 220
115 229
115 287
115 394
116 123
116 125
116 126
116 182
116 186
116 215
116 248
116 272
116 408
117 118
117 164
117 213
117 317
117 355
117 357
117 383
117 393
118 176
118 207
118 226
118 281
118 330
118 347
118 404
118 418
119 137
119 403
120 167
120 203
120 224
120 239
120 245
120 392
120 397
121 143
121 220
121 323
121 338
121 351
122 242
123 134
123 231
124 163
124 283
124 312
124 351
124 385
124 391
125 190
125 335
125 400
126 179
126 225
126 228
126 288
126 341
126 351
126 374
126 391
126 420
127 296
127 298
127 414
127 421
128 170
128 188
128 214
128 217
128 323
129 190
129 249
129 312
130 211
130 232
130 273
130 312
131 187
131 298
131 341
131 352
131 366
131 369
132 154
132 199
132 299
132 325
132 342
132 353
133 242
134 172
134 353
134 378
135 281
135 359
136 144
136 213
136 219
136 281
136 353
136 356
137 174
137 244
137 365
137 401
137 405
138 225
138 309
138 319
139 164
139 270
139 292
139 304
139 355
140 167
140 241
140 344
140 414
141 198
141 199
141 283
141 297
141 365
141 398
142 186
142 197
142 248
142 260
142 303
142 369
142 417
143 236
143 266
143 288
143 365
143 373
143 384
144 311
144 393
145 236
145 293
145 307
145 364
145 399
145 400
146 207
146 270
146 326
146 365
147 212
147 272
147 330
148 251
148 254
148 286
148 326
148 343
148 413
149 152
149 185
149 238
149 295
149 343
149 417
150 207
150 368
150 388
150 405
151 168
151 185
151 367
151 405
151 421
152 242
152 246
152 328
152 414
153 185
153 228
153 231
153 356
154 190
154 237
154 238
154 310
154 320
155 277
156 182
156 215
156 277
156 340
157 166
157 227
157 273
157 312
157 323
158 257
159 240
159 397
160 306
160 344
161 176
161 178
161 231
161 301
161 339
161 340
161 399
162 224
162 384
162 411
162 419
163 377
164 310
164 356
164 384
164 395
165 215
165 324
165 345
165 365
166 215
166 260
166 296
167 176
167 178
167 367
167 402
167 414
168 229
168 274
168 343
168 373
169 189
169 236
169 239
169 295
170 219
170 372
170 388
170 392
171 225
171 391
172 237
172 413
173 214
173 257
173 338
173 374
173 395
174 178
175 310
175 339
175 418
176 315
176 320
177 184
177 257
177 264
177 270
177 403
178 294
178 322
178 390
178 397
179 210
179 238
179 387
179 404
180 213
180 222
180 305
180 320
180 395
181 366
181 386
181 405
182 374
182 383
182 391
183 197
183 319
183 340
184 318
184 321
184 339
184 370
184 390
185 192
185 293
185 363
186 264
186 323
187 197
187 232
187 265
187 288
187 291
187 304
187 369
187 414
189 298
189 312
190 272
190 278
190 330
190 341
191 287
191 356
191 419
192 287
192 298
192 354
192 368
193 224
193 262
195 244
195 327
195 338
195 376
196 286
196 297
196 411
197 368
197 397
197 418
198 241
198 258
198 296
198 364
198 401
198 405
199 221
199 230
199 243
199 364
199 382
199 384
199 397
200 205
200 316
200 394
200 397
201 221
201 232
201 296
202 238
202 317
202 321
202 344
203 322
203 404
203 405
204 266
204 377
205 312
206 269
206 296
206 352
206 386
206 407
207 277
208 214
208 231
208 249
208 360
208 380
209 247
209 248
209 328
209 400
209 412
210 220
210 226
210 254
210 259
210 407
212 253
212 283
212 285
212 287
212 288
212 360
212 397
212 410
213 330
213 348
214 216
214 223
214 228
214 271
214 282
214 335
214 360
214 382
215 278
215 319
215 360
215 415
216 315
217 234
217 341
217 372
218 374
219 265
219 283
219 397
219 417
220 245
220 351
221 303
221 360
222 233
222 251
222 286
224 229
224 287
224 302
224 314
224 326
224 415
226 235
226 344
226 421
228 290
228 351
228 390
228 402
228 408
229 248
230 294
230 313
230 332
230 412
231 297
231 319
231 369
233 318
234 252
234 279
234 288
234 294
234 346
235 249
235 264
235 325
235 335
235 339
235 378
236 264
236 286
237 378
238 267
238 337
239 328
239 376
240 250
240 265
240 313
242 273
242 340
242 414
243 310
243 320
243 329
243 380
244 340
244 354
245 272
245 303
245 342
245 389
246 249
246 301
246 302
248 363
248 391
249 349
249 350
250 301
250 338
250 378
250 410
252 271
252 290
252 339
253 317
254 306
254 351
254 373
255 266
255 273
256 267
257 327
257 388
258 391
259 298
260 292
260 302
260 335
260 351
260 402
261 299
261 307
261 308
261 320
261 344
261 354
261 397
263 338
263 387
264 402
264 404
265 278
265 281
265 362
265 401
266 361
268 288
268 379
269 344
269 376
269 393
270 314
270 324
270 372
270 410
271 301
271 312
271 410
272 280
272 298
272 399
273 363
274 414
275 385
275 419
276 302
277 330
277 405
278 380
278 382
278 386
278 393
279 286
279 341
279 396
279 418
280 291
280 319
280 333
280 355
280 388
281 285
282 377
283 329
283 367
283 419
284 325
284 341
284 342
284 384
284 388
285 311
285 313
285 346
285 372
287 372
288 309
288 316
288 379
289 353
290 348
291 312
291 343
291 409
293 387
294 360
295 311
297 299
297 336
297 354
297 370
297 390
297 410
298 303
298 405
299 307
299 310
299 387
300 344
301 315
301 328
301 338
302 365
302 372
303 358
304 327
304 365
304 367
304 371
305 333
306 403
308 357
308 374
308 390
308 404
309 341
309 401
310 374
311 354
312 358
313 322
313 377
313 387
314 348
315 411
316 341
316 369
316 385
318 403
320 329
320 331
320 340
321 339
322 346
322 370
323 350
323 387
324 371
325 348
325 362
326 343
326 408
327 341
327 347
328 411
329 347
330 394
331 348
331 349
332 390
333 402
334 386
334 390
336 413
337 372
337 384
338 355
338 373
339 406
342 346
342 383
343 382
343 387
344 405
345 347
345 350
345 375
346 360
346 391
346 420
347 389
347 415
348 373
348 395
349 379
349 402
349 411
351 365
353 368
354 371
354 412
357 361
358 410
359 361
359 381
359 419
360 388
362 406
362 408
363 370
367 387
368 414
375 384
379 413
379 415
381 401
385 396
385 415
386 404
387 398
394 398
394 414
401 408
403 410
422 117
422 423
422 424
422 425
423 316
423 424
423 425
424 252
424 425
425 184
