463 1838
0 1
0 2
0 3
0 4
0 5
0 6
0 7
0 8
0 9
0 10
0 11
0 12
0 13
0 14
0 15
0 16
0 17
0 18
0 19
0 20
0 21
0 22
0 23
0 24
0 25
0 26
0 27
0 28
0 29
0 30
0 31
0 32
0 33
0 34
0 35
0 36
0 37
0 38
0 39
0 40
0 41
0 42
0 43
0 44
0 45
0 46
0 47
0 48
0 49
0 50
0 51
0 52
0 53
0 54
0 55
0 56
0 57
0 58
0 59
0 60
0 61
0 62
0 63
0 64
0 65
0 66
0 67
0 68
0 69
0 70
0 71
0 72
0 73
0 74
0 75
0 76
0 77
0 78
0 79
0 80
0 81
0 82
0 83
0 84
0 85
0 86
0 87
0 88
0 89
0 90
0 91
0 92
0 93
0 94
0 95
0 96
0 97
0 98
0 99
0 100
0 101
0 102
0 103
0 104
0 105
0 106
0 107
0 108
0 109
0 110
0 111
0 112
0 113
0 114
0 115
0 116
0 117
0 118
0 119
0 120
0 121
0 122
0 123
0 124
0 125
0 126
0 127
0 128
0 129
0 130
0 131
0 132
0 133
0 134
0 135
0 136
0 137
0 138
0 139
0 140
0 141
0 142
0 143
0 144
0 145
0 146
0 147
0 148
0 149
0 150
0 151
0 152
0 153
0 154
0 155
0 156
0 157
0 158
0 159
0 160
0 161
0 162
0 163
0 164
0 165
0 166
0 167
0 168
0 169
0 170
0 171
0 172
0 173
0 174
0 175
0 176
0 177
0 178
0 179
0 180
0 181
0 182
0 183
0 184
0 185
0 186
0 187
0 188
0 189
0 190
0 191
0 192
0 193
0 194
0 195
0 196
0 197
0 198
0 199
0 200
0 201
0 202
0 203
0 204
0 205
0 206
0 207
0 208
0 209
0 210
0 211
0 212
0 213
0 214
0 215
0 216
0 217
0 218
0 219
0 220
0 221
0 222
0 223
0 224
0 225
0 226
0 227
0 228
0 229
0 230
0 231
0 232
0 233
0 234
0 235
0 236
0 237
0 238
0 239
0 240
0 241
0 242
0 243
0 244
0 245
0 246
0 247
0 248
0 249
0 250
0 251
0 252
0 253
0 254
0 255
0 256
0 257
0 258
0 259
0 260
0 261
0 262
0 263
0 264
0 265
0 266
0 267
0 268
0 269
0 270
0 271
0 272
0 273
0 274
0 275
0 276
0 277
0 278
0 279
0 280
0 281
0 282
0 283
0 284
0 285
0 286
0 287
0 288
0 289
0 290
0 291
0 292
0 293
0 294
0 295
0 296
0 297
0 298
0 299
0 300
0 301
0 302
0 303
0 304
0 305
0 306
0 307
0 308
0 309
0 310
0 311
0 312
0 313
0 314
0 315
0 316
0 317
0 318
0 319
0 320
0 321
0 322
0 323
0 324
0 325
0 326
0 327
0 328
0 329
0 330
0 331
0 332
0 333
0 334
0 335
0 336
0 337
0 338
0 339
0 340
0 341
0 342
0 343
0 344
0 345
0 346
0 347
0 348
0 349
0 350
0 351
0 352
0 353
0 354
0 355
0 356
0 357
0 358
0 359
0 360
0 361
0 362
0 363
0 364
0 365
0 366
0 367
0 368
0 369
0 370
0 371
0 372
0 373
0 374
0 375
0 376
0 377
0 378
0 379
0 380
0 381
0 382
0 383
0 384
0 385
0 386
0 387
0 388
0 389
0 390
0 391
0 392
0 393
0 394
0 395
0 396
0 397
0 398
0 399
0 400
0 401
0 402
0 403
0 404
0 405
0 406
0 407
0 408
0 409
0 410
0 411
0 412
0 413
0 414
0 415
0 416
0 417
0 418
0 419
0 420
0 421
0 422
0 423
0 424
0 425
0 426
0 427
0 428
0 429
0 430
0 431
0 432
0 433
0 434
0 435
0 436
0 437
0 438
0 439
0 440
0 441
0 442
0 443
0 444
0 445
0 446
0 447
0 448
0 449
0 450
0 451
0 452
0 453
0 454
0 455
0 456
0 457
0 458
1 94
1 396
1 402
1 420
2 65
2 76
2 294
2 313
2 328
2 329
2 335
3 18
3 102
3 194
3 325
3 358
3 433
4 110
4 115
4 118
4 346
5 37
5 128
5 213
5 276
5 435
6 68
6 212
6 225
6 279
6 362
6 365
6 388
6 422
7 126
7 154
7 267
7 303
7 427
8 35
8 139
9 81
9 83
9 155
9 200
9 217
9 242
9 250
9 260
9 276
9 363
10 130
10 164
10 227
10 364
10 424
10 435
11 47
11 83
11 290
11 376
11 431
12 32
13 54
13 117
13 125
13 135
13 204
13 288
13 313
13 382
13 408
14 89
14 116
14 122
14 136
14 216
14 222
14 274
14 375
15 49
15 161
15 294
16 73
16 87
16 226
16 258
16 261
16 278
16 362
16 443
17 183
17 238
17 338
17 456
18 233
18 338
18 406
19 25
19 154
19 274
19 307
19 362
19 389
20 205
20 246
20 274
20 299
20 309
20 321
20 381
20 456
21 42
21 75
21 328
21 352
22 45
22 72
22 159
22 247
22 380
23 33
23 153
23 180
23 228
23 288
23 307
23 313
23 373
23 397
23 401
24 31
24 70
24 110
24 125
24 380
25 41
25 299
25 315
25 377
25 384
25 387
25 417
26 63
26 94
26 114
26 127
26 131
26 303
26 313
27 70
27 86
27 106
27 144
27 219
27 388
28 39
28 57
28 95
28 181
28 195
28 304
29 50
29 77
29 124
29 169
29 179
29 249
29 451
30 71
30 73
30 89
30 175
30 271
30 325
30 430
31 41
31 63
31 184
31 215
31 239
31 270
31 395
31 438
32 60
32 73
32 169
32 189
32 363
32 425
33 129
33 187
33 398
34 68
34 113
34 188
34 246
34 258
34 273
34 297
34 356
34 451
35 60
35 180
35 345
35 400
36 141
36 151
36 168
36 218
36 253
36 297
36 309
37 110
37 124
37 244
37 404
38 44
38 80
38 107
38 158
38 182
38 206
38 312
39 123
39 132
39 285
39 364
39 374
39 428
40 78
40 219
40 244
40 257
40 313
40 332
40 387
40 454
41 273
41 344
42 107
42 215
42 261
42 372
42 373
42 406
43 147
43 224
43 381
43 388
44 171
44 232
44 305
44 328
44 350
44 358
44 447
45 101
45 121
45 202
45 314
45 330
45 369
45 405
46 52
46 78
46 116
46 247
46 260
46 333
46 368
47 68
47 192
47 250
48 133
48 215
48 334
48 421
48 426
49 254
49 332
50 254
50 349
50 404
50 440
51 96
51 248
51 271
52 62
52 185
52 217
52 263
52 290
52 328
52 345
52 350
52 448
53 134
53 224
53 300
53 318
54 198
54 438
55 94
55 126
55 272
55 363
55 413
55 445
56 123
56 134
56 196
56 271
56 277
56 347
56 400
56 412
56 419
57 302
57 319
57 356
57 378
57 413
58 186
58 297
58 310
58 401
59 96
59 303
59 312
59 314
60 76
60 80
60 145
60 157
60 176
60 295
60 377
61 115
61 137
61 159
61 329
61 389
61 449
62 167
62 313
62 402
62 449
63 126
63 138
63 226
63 268
63 288
63 316
63 317
64 156
64 239
64 288
64 334
64 345
65 73
65 106
65 127
65 154
65 216
65 264
65 308
65 375
66 85
66 159
66 341
66 358
66 371
66 413
67 310
68 86
68 104
68 435
69 91
69 117
69 242
70 370
71 95
71 131
71 170
71 180
71 217
71 244
72 94
72 211
73 76
73 119
73 129
73 137
73 281
73 322
73 404
74 99
74 270
74 381
75 93
75 142
75 330
75 338
75 348
76 237
76 381
76 454
77 79
77 86
77 124
77 205
77 241
77 267
77 291
77 361
77 415
78 225
78 259
79 121
79 155
79 277
79 320
79 334
80 225
80 373
80 410
81 88
81 170
81 245
81 343
81 456
82 322
82 433
83 192
83 330
83 364
84 138
84 250
84 347
84 356
84 400
85 131
85 203
85 205
85 219
85 226
85 342
85 424
86 144
86 198
86 347
86 411
87 166
87 311
87 342
88 98
88 261
88 301
88 307
88 383
88 405
88 418
89 96
89 166
89 249
89 277
89 280
89 292
89 303
90 140
90 253
90 347
90 385
91 97
91 111
91 171
91 205
91 270
91 336
91 417
92 293
92 298
92 342
92 394
92 405
92 412
93 308
93 313
93 359
93 442
94 113
94 251
94 276
94 307
94 316
94 457
95 140
95 201
95 269
95 324
95 325
95 349
96 222
96 223
96 257
96 317
96 341
96 344
96 435
97 100
97 148
97 286
97 368
97 397
97 432
98 130
98 135
98 269
98 273
98 447
98 449
98 453
99 120
99 384
99 398
100 170
100 310
101 110
101 136
101 297
101 331
101 397
101 452
102 176
102 380
102 458
103 143
103 157
103 233
103 273
103 294
104 126
104 132
104 276
104 279
104 374
104 407
104 430
105 293
105 393
105 440
106 135
106 251
106 292
106 439
107 162
107 178
107 199
107 215
107 255
107 313
107 334
107 371
107 372
108 149
108 192
108 396
108 443
109 118
109 212
109 287
109 391
110 176
110 214
110 329
110 347
111 180
111 201
111 213
111 232
111 252
111 260
111 328
111 397
111 413
112 156
112 254
112 402
112 417
112 434
113 184
113 253
113 433
114 155
114 171
114 172
114 192
114 217
114 218
114 312
114 370
115 149
115 162
115 190
115 213
115 234
115 344
115 371
115 398
116 295
116 456
117 178
117 244
117 372
118 193
118 352
119 139
119 146
119 230
119 231
119 293
119 405
120 179
120 268
120 286
120 368
121 176
121 269
122 197
122 288
122 334
122 370
122 405
122 415
123 261
123 268
123 443
124 138
124 145
124 249
124 271
124 370
125 152
125 243
125 320
125 321
125 452
125 458
126 139
126 166
126 379
126 385
126 386
126 404
126 447
126 450
127 165
127 169
127 279
127 317
129 232
129 238
129 239
129 342
129 449
130 347
130 381
130 427
131 268
131 290
131 304
131 334
131 367
131 396
132 399
132 406
132 435
133 152
133 176
133 276
133 452
134 196
134 245
134 264
134 310
134 455
135 247
135 352
136 150
136 156
136 168
136 310
136 347
136 359
137 200
137 287
137 319
137 341
137 376
138 147
138 205
138 348
138 367
138 416
139 141
139 190
139 205
139 268
139 358
139 420
139 450
140 343
140 416
140 443
141 169
141 188
141 217
141 255
141 395
142 332
142 346
143 195
143 234
143 324
143 378
144 396
144 429
144 452
144 453
144 454
145 208
145 228
145 295
145 411
146 155
146 179
146 214
146 358
146 442
147 335
148 257
148 353
148 379
148 395
148 415
148 455
149 213
149 317
149 414
150 162
150 243
150 295
150 319
150 328
150 358
150 448
151 223
151 226
151 271
151 334
151 381
151 455
152 161
152 163
152 210
152 234
152 289
152 431
153 188
153 318
153 322
153 323
153 370
153 437
154 224
154 377
154 391
155 161
155 214
155 282
155 323
156 218
156 255
156 257
156 418
156 434
157 320
157 393
158 179
158 352
158 424
158 439
159 284
159 386
159 389
159 458
160 213
160 214
160 261
160 400
160 451
161 168
161 291
161 293
161 456
162 276
162 307
162 351
163 212
163 347
163 373
163 383
164 209
164 226
164 290
164 330
165 280
165 317
165 373
166 177
166 401
167 240
167 257
167 271
167 377
167 408
168 199
168 306
168 448
169 268
169 339
169 347
169 374
169 404
170 193
170 248
170 264
170 379
170 387
170 423
171 364
172 186
172 232
172 250
172 272
172 387
172 457
173 261
173 315
173 346
174 232
174 323
174 356
174 413
174 415
174 425
175 181
175 243
175 401
176 242
176 348
177 424
177 446
178 194
178 225
178 247
178 302
178 408
179 265
179 289
179 456
180 191
180 234
180 289
180 325
181 391
181 416
181 451
182 226
182 233
182 278
182 382
182 403
184 264
184 341
184 342
184 413
185 257
185 408
185 409
186 211
186 223
186 236
186 332
186 334
186 368
186 389
186 437
187 228
187 244
187 264
187 281
187 418
188 232
188 289
188 307
188 366
189 234
189 321
189 347
189 385
189 431
190 228
190 353
191 242
191 330
191 421
192 282
192 290
192 331
192 372
192 394
192 419
193 233
193 252
193 301
193 400
194 275
194 329
194 337
194 340
194 401
195 270
195 349
195 398
195 422
196 241
196 276
196 308
196 375
197 232
197 347
197 457
198 359
199 287
199 447
200 245
200 317
200 329
201 206
201 364
203 313
203 346
203 413
203 450
204 397
204 423
205 356
205 395
206 281
206 388
206 414
207 249
207 300
208 320
208 401
208 425
208 448
209 294
209 357
210 243
210 270
210 367
211 226
211 234
212 230
212 349
212 431
213 237
213 261
213 292
213 377
213 384
213 385
214 304
214 363
214 434
214 451
215 282
215 358
216 234
216 283
216 309
216 363
216 364
216 368
216 378
216 427
216 431
216 434
217 238
217 246
217 376
217 409
217 445
218 256
218 369
219 229
219 244
219 253
219 298
219 326
219 454
220 316
220 342
221 250
221 259
221 352
222 225
222 232
222 240
222 287
222 339
222 441
223 383
223 417
223 445
223 456
224 247
224 280
224 322
224 333
224 372
225 341
225 343
225 351
226 285
227 236
227 243
227 323
227 329
227 352
227 356
228 370
229 257
229 357
229 374
229 402
230 436
230 444
231 350
232 290
232 439
233 312
233 329
233 336
233 431
234 247
234 258
234 294
234 452
235 253
235 306
236 237
236 248
236 353
236 429
237 261
237 294
238 273
238 313
238 356
238 380
238 394
238 397
238 452
239 320
239 344
239 444
240 241
240 294
240 306
240 315
240 434
241 267
241 303
241 326
242 300
242 364
242 407
242 413
244 414
245 262
245 451
246 435
247 385
247 404
247 416
248 249
248 338
248 364
248 370
249 298
249 319
249 362
249 417
250 258
250 308
250 352
250 407
251 402
252 253
252 342
254 263
254 300
254 368
255 331
255 376
255 434
257 277
257 302
257 350
257 432
258 444
259 272
259 326
259 350
259 363
259 376
260 315
260 408
260 433
261 347
261 439
262 306
262 336
263 361
263 417
263 439
265 286
265 355
265 432
265 433
266 299
266 330
266 351
267 350
267 426
268 304
268 396
268 438
269 283
269 377
269 380
269 395
270 282
271 324
271 353
271 371
272 279
272 316
272 343
273 294
273 415
274 306
274 338
274 445
274 450
276 309
276 372
276 443
277 442
278 347
278 457
279 364
280 314
280 453
281 285
281 330
281 458
282 389
282 425
283 330
283 332
283 351
283 381
283 411
283 426
284 371
285 352
285 400
286 365
287 445
288 327
289 360
290 298
290 407
291 314
291 330
291 390
292 332
293 322
294 321
294 396
296 410
296 437
296 447
297 310
298 328
298 360
298 384
298 387
298 398
299 345
299 348
299 415
300 345
302 394
302 400
302 445
302 453
302 456
303 324
303 355
304 324
304 376
304 430
305 356
306 345
306 369
306 447
308 397
309 322
309 380
310 352
310 448
310 457
311 335
312 350
312 357
312 432
313 378
313 418
313 419
313 432
314 414
314 416
315 438
317 352
317 386
317 388
319 393
320 340
320 408
321 396
321 441
323 346
324 333
324 449
325 419
325 422
325 458
326 435
327 357
329 434
329 456
330 353
330 442
331 369
331 412
332 345
333 350
333 371
335 406
336 376
336 415
336 430
337 451
338 385
339 360
340 363
340 369
340 456
342 352
344 396
344 407
345 405
348 389
348 434
349 352
350 384
350 427
350 453
351 371
352 397
353 377
353 406
353 423
354 392
356 411
358 372
358 419
358 426
360 380
360 447
361 432
361 451
362 374
363 404
364 369
364 391
365 453
366 388
367 376
367 439
367 442
368 381
368 390
370 424
371 377
372 385
372 389
372 458
373 440
374 425
377 428
378 381
379 438
380 430
381 437
383 396
384 408
387 391
390 435
390 452
391 424
392 436
393 408
393 436
394 450
396 408
396 420
397 406
397 453
399 428
401 439
401 449
401 454
402 407
403 436
404 424
407 421
407 447
411 421
412 419
414 423
416 432
417 441
418 424
418 444
418 446
423 431
428 438
430 433
432 445
434 438
436 439
440 443
443 448
459 255
459 460
459 461
459 462
460 305
460 461
460 462
461 127
461 462
462 243
