500 1984
0 1
0 2
0 3
0 4
0 5
0 6
0 7
0 8
0 9
0 10
0 11
0 12
0 13
0 14
0 15
0 16
0 17
0 18
0 19
0 20
0 21
0 22
0 23
0 24
0 25
0 26
0 27
0 28
0 29
0 30
0 31
0 32
0 33
0 34
0 35
0 36
0 37
0 38
0 39
0 40
0 41
0 42
0 43
0 44
0 45
0 46
0 47
0 48
0 49
0 50
0 51
0 52
0 53
0 54
0 55
0 56
0 57
0 58
0 59
0 60
0 61
0 62
0 63
0 64
0 65
0 66
0 67
0 68
0 69
0 70
0 71
0 72
0 73
0 74
0 75
0 76
0 77
0 78
0 79
0 80
0 81
0 82
0 83
0 84
0 85
0 86
0 87
0 88
0 89
0 90
0 91
0 92
0 93
0 94
0 95
0 96
0 97
0 98
0 99
0 100
0 101
0 102
0 103
0 104
0 105
0 106
0 107
0 108
0 109
0 110
0 111
0 112
0 113
0 114
0 115
0 116
0 117
0 118
0 119
0 120
0 121
0 122
0 123
0 124
0 125
0 126
0 127
0 128
0 129
0 130
0 131
0 132
0 133
0 134
0 135
0 136
0 137
0 138
0 139
0 140
0 141
0 142
0 143
0 144
0 145
0 146
0 147
0 148
0 149
0 150
0 151
0 152
0 153
0 154
0 155
0 156
0 157
0 158
0 159
0 160
0 161
0 162
0 163
0 164
0 165
0 166
0 167
0 168
0 169
0 170
0 171
0 172
0 173
0 174
0 175
0 176
0 177
0 178
0 179
0 180
0 181
0 182
0 183
0 184
0 185
0 186
0 187
0 188
0 189
0 190
0 191
0 192
0 193
0 194
0 195
0 196
0 197
0 198
0 199
0 200
0 201
0 202
0 203
0 204
0 205
0 206
0 207
0 208
0 209
0 210
0 211
0 212
0 213
0 214
0 215
0 216
0 217
0 218
0 219
0 220
0 221
0 222
0 223
0 224
0 225
0 226
0 227
0 228
0 229
0 230
0 231
0 232
0 233
0 234
0 235
0 236
0 237
0 238
0 239
0 240
0 241
0 242
0 243
0 244
0 245
0 246
0 247
0 248
0 249
0 250
0 251
0 252
0 253
0 254
0 255
0 256
0 257
0 258
0 259
0 260
0 261
0 262
0 263
0 264
0 265
0 266
0 267
0 268
0 269
0 270
0 271
0 272
0 273
0 274
0 275
0 276
0 277
0 278
0 279
0 280
0 281
0 282
0 283
0 284
0 285
0 286
0 287
0 288
0 289
0 290
0 291
0 292
0 293
0 294
0 295
0 296
0 297
0 298
0 299
0 300
0 301
0 302
0 303
0 304
0 305
0 306
0 307
0 308
0 309
0 310
0 311
0 312
0 313
0 314
0 315
0 316
0 317
0 318
0 319
0 320
0 321
0 322
0 323
0 324
0 325
0 326
0 327
0 328
0 329
0 330
0 331
0 332
0 333
0 334
0 335
0 336
0 337
0 338
0 339
0 340
0 341
0 342
0 343
0 344
0 345
0 346
0 347
0 348
0 349
0 350
0 351
0 352
0 353
0 354
0 355
0 356
0 357
0 358
0 359
0 360
0 361
0 362
0 363
0 364
0 365
0 366
0 367
0 368
0 369
0 370
0 371
0 372
0 373
0 374
0 375
0 376
0 377
0 378
0 379
0 380
0 381
0 382
0 383
0 384
0 385
0 386
0 387
0 388
0 389
0 390
0 391
0 392
0 393
0 394
0 395
0 396
0 397
0 398
0 399
0 400
0 401
0 402
0 403
0 404
0 405
0 406
0 407
0 408
0 409
0 410
0 411
0 412
0 413
0 414
0 415
0 416
0 417
0 418
0 419
0 420
0 421
0 422
0 423
0 424
0 425
0 426
0 427
0 428
0 429
0 430
0 431
0 432
0 433
0 434
0 435
0 436
0 437
0 438
0 439
0 440
0 441
0 442
0 443
0 444
0 445
0 446
0 447
0 448
0 449
0 450
0 451
0 452
0 453
0 454
0 455
0 456
0 457
0 458
0 459
0 460
0 461
0 462
0 463
0 464
0 465
0 466
0 467
0 468
0 469
0 470
0 471
0 472
0 473
0 474
0 475
0 476
0 477
0 478
0 479
0 480
0 481
0 482
0 483
0 484
0 485
0 486
0 487
0 488
0 489
0 490
0 491
0 492
0 493
0 494
0 495
1 167
1 199
1 309
1 399
1 486
2 88
2 149
2 188
2 229
2 262
2 277
2 288
2 411
3 8
3 18
3 294
3 336
3 406
3 433
4 165
4 170
4 210
4 236
4 326
4 452
4 454
4 455
4 472
5 31
5 120
5 172
5 181
5 331
6 135
6 274
6 297
6 381
6 472
7 8
7 58
7 186
7 203
7 259
7 376
7 463
8 45
8 171
8 361
8 472
9 31
9 152
9 157
9 266
9 392
9 401
9 430
10 42
10 315
10 355
11 134
11 264
11 278
12 55
12 117
12 194
12 248
12 353
13 19
13 77
13 80
13 110
13 231
13 269
13 276
13 398
13 490
14 42
14 48
14 91
14 138
14 164
14 172
14 451
15 50
15 93
15 94
15 154
15 299
15 387
16 92
16 271
16 278
16 331
16 341
16 355
16 395
16 487
17 44
17 68
18 161
18 283
18 400
18 458
19 21
19 164
19 206
19 226
19 243
19 406
19 416
20 92
20 232
20 270
20 341
20 392
20 415
20 425
20 487
21 104
21 145
22 70
22 95
22 164
22 314
22 351
22 355
22 469
23 38
23 56
23 67
23 103
23 140
23 218
23 249
23 251
23 307
24 210
24 297
24 338
24 376
24 430
24 432
24 466
25 35
25 89
25 114
25 238
25 240
25 251
25 284
25 307
25 343
25 441
25 493
26 86
26 127
26 190
26 338
26 422
26 483
27 33
27 179
27 239
28 184
28 230
28 237
28 312
28 434
29 222
29 261
29 279
30 220
30 280
30 344
30 423
31 129
31 149
31 164
31 302
31 382
32 122
32 184
32 211
32 212
32 285
32 315
32 442
33 49
33 72
33 120
33 187
33 312
33 360
33 373
33 427
33 430
33 432
34 37
34 57
34 81
34 118
34 141
34 182
34 350
34 390
34 490
35 36
35 203
35 320
35 334
35 372
36 54
36 83
36 192
36 195
36 205
36 231
36 377
36 409
36 440
36 481
37 63
37 85
37 145
37 335
37 336
37 342
37 397
37 447
37 481
38 190
38 198
38 350
39 86
39 316
39 319
39 375
40 133
40 140
40 156
40 157
40 193
40 330
40 426
40 470
40 471
40 472
40 483
41 61
41 120
41 125
41 161
41 225
41 235
41 394
41 415
41 439
41 485
42 144
42 224
43 65
44 64
44 118
44 181
44 231
44 419
44 435
44 447
45 60
45 130
45 216
45 295
45 323
46 115
46 121
46 313
46 354
46 393
46 420
46 424
46 431
46 468
47 74
47 98
47 204
47 324
48 141
48 209
48 237
48 343
48 390
49 98
49 160
49 240
49 376
49 409
49 412
50 115
50 128
50 145
50 155
50 222
50 310
51 281
51 309
51 403
52 98
52 103
52 303
52 330
52 383
52 434
52 437
52 459
52 491
53 118
53 164
53 450
54 200
54 417
54 437
54 492
55 237
55 258
56 86
56 165
56 255
57 64
57 131
57 268
57 317
58 286
58 435
58 444
58 487
59 176
59 270
59 284
59 323
59 334
59 340
59 347
59 370
59 386
59 389
59 421
60 163
60 257
60 274
60 406
61 204
61 299
61 410
62 64
62 188
62 215
62 479
63 87
63 452
64 382
64 419
65 125
65 132
65 235
65 263
66 265
66 307
66 476
67 102
67 131
67 250
67 489
68 380
68 405
68 462
69 111
69 153
69 181
69 384
69 447
69 483
70 139
70 244
70 365
70 430
71 151
71 219
71 257
71 290
71 335
72 86
72 100
72 178
72 207
72 248
72 278
72 336
72 391
73 213
73 428
74 125
74 406
75 104
75 175
75 186
75 236
76 204
76 301
76 319
76 370
76 405
76 415
76 438
77 195
77 229
77 453
78 192
78 301
78 421
78 445
78 486
78 489
79 250
79 292
80 135
80 150
80 186
80 207
80 235
80 288
80 396
80 448
81 160
81 177
81 209
81 469
81 479
82 204
82 268
82 299
82 356
82 464
83 192
83 197
84 230
84 303
84 304
85 285
85 288
85 293
85 448
85 459
86 149
86 170
86 190
86 201
86 263
86 266
86 426
87 373
87 430
87 489
88 458
88 483
89 118
89 146
89 149
89 154
89 203
89 309
89 392
89 413
90 129
90 188
90 246
90 273
90 396
90 461
90 492
91 184
91 364
92 140
92 251
92 254
92 308
92 379
92 406
92 419
92 430
92 467
93 224
93 371
93 479
94 126
94 179
94 223
94 299
94 341
94 494
95 118
95 145
95 276
95 295
96 113
96 133
96 152
96 186
96 335
96 446
97 201
97 213
97 276
97 334
97 355
97 425
98 104
98 187
98 225
98 232
98 275
98 282
98 423
98 455
99 173
99 233
99 338
99 342
99 385
99 438
99 451
100 154
100 222
100 270
100 288
100 345
100 370
100 463
101 105
101 210
101 217
101 370
101 381
101 459
101 473
102 128
102 271
102 354
102 369
103 163
103 248
103 309
103 312
103 436
103 440
104 229
104 383
104 460
105 174
105 239
105 267
105 274
105 304
105 326
105 463
106 179
106 245
106 389
107 302
107 436
107 438
108 266
108 480
109 126
109 252
109 368
109 455
110 137
110 266
110 297
110 337
111 122
111 172
111 255
111 355
111 374
111 397
111 403
111 479
112 114
112 127
112 195
112 223
112 265
112 284
112 290
112 379
112 406
113 162
113 310
113 363
113 402
113 409
113 434
113 465
114 186
114 220
114 227
114 266
114 273
114 322
114 327
114 376
114 395
115 139
115 356
115 366
115 372
116 117
116 226
116 400
116 473
117 152
117 203
117 235
117 366
117 436
118 232
118 301
118 306
118 354
119 124
119 247
119 316
119 348
119 365
119 369
120 366
120 409
120 439
121 146
121 176
121 178
121 224
121 284
121 312
121 448
122 131
122 315
122 369
122 397
122 404
123 142
123 277
123 439
124 212
124 216
124 309
124 383
124 427
124 462
124 485
124 488
125 143
125 162
125 204
125 321
126 172
126 218
126 256
126 319
126 326
126 386
126 397
127 184
127 275
127 298
127 329
127 465
128 130
128 174
128 288
128 314
129 263
129 267
129 445
129 478
130 137
130 442
131 186
131 253
131 255
131 320
131 357
132 228
132 237
132 247
132 457
132 468
133 151
133 254
133 334
134 259
134 262
134 334
134 340
135 136
135 317
135 319
135 334
135 335
135 378
135 471
135 490
136 212
136 304
136 403
136 435
137 300
138 171
138 199
138 228
138 246
138 313
138 396
138 421
139 272
139 377
139 389
140 218
140 279
140 430
141 219
141 272
141 297
141 379
141 420
142 213
142 215
142 308
142 363
142 451
143 161
143 240
143 343
143 349
143 397
144 155
144 229
144 232
144 323
144 372
144 477
144 484
145 220
145 231
145 269
145 286
146 168
146 239
146 309
146 404
146 448
146 483
147 344
147 423
147 426
147 453
147 484
148 185
148 302
148 375
148 458
149 197
149 375
150 154
150 288
150 289
150 446
151 364
151 397
151 428
151 433
151 441
152 188
153 180
153 272
153 285
153 296
153 313
154 190
154 274
154 341
154 345
154 358
154 469
154 474
155 156
155 255
155 349
155 361
155 386
155 402
156 331
156 346
156 352
156 362
156 365
156 380
157 158
157 160
157 212
157 224
157 444
157 487
158 301
158 335
158 450
158 464
158 491
159 167
159 325
159 364
159 365
159 377
160 198
160 271
160 294
160 327
160 480
161 278
161 309
161 436
161 455
162 175
162 339
162 382
162 425
163 207
163 210
163 264
163 292
164 331
164 402
165 209
165 293
166 171
166 421
166 425
167 307
168 235
168 255
168 276
168 348
168 377
168 411
169 175
169 333
170 196
170 361
170 489
171 186
171 307
171 355
171 358
171 457
171 476
172 269
172 385
173 188
173 210
173 387
173 410
173 415
174 254
174 290
174 297
175 182
175 191
175 238
175 281
175 293
175 345
175 425
176 390
177 203
177 222
177 279
177 428
178 306
178 378
178 412
178 451
178 474
178 487
179 181
179 196
179 282
179 367
179 445
179 463
180 204
180 277
180 287
180 369
180 468
181 221
181 309
181 311
181 312
182 204
182 224
182 367
182 393
183 221
183 257
183 272
183 273
183 294
183 321
183 341
183 357
183 437
183 487
184 361
184 424
184 436
185 191
185 310
185 314
186 299
186 310
186 400
186 491
187 254
187 286
187 402
188 320
188 401
189 420
190 215
190 355
190 458
191 201
191 397
192 197
192 230
192 258
192 303
192 420
193 260
193 320
193 434
193 451
193 480
194 481
194 483
194 494
195 326
195 490
195 494
196 461
196 486
197 208
197 275
197 400
198 231
198 411
198 435
198 464
199 294
199 441
200 202
200 222
200 290
200 446
201 283
201 343
201 407
201 412
201 471
202 345
202 363
203 215
203 279
203 345
203 351
204 251
204 301
204 334
205 464
206 310
206 353
206 467
207 423
207 473
208 212
208 405
209 285
209 314
209 488
210 278
210 397
210 402
210 460
210 495
211 252
211 284
211 311
211 325
211 398
213 236
213 469
214 266
214 311
214 330
214 461
215 259
215 314
215 482
216 258
216 277
216 431
216 469
217 219
217 274
217 292
217 368
217 392
217 395
218 249
218 366
218 377
219 260
220 229
220 274
220 484
221 282
221 452
222 247
222 385
223 233
223 339
223 386
224 237
224 305
224 312
224 356
225 250
225 491
225 494
226 232
226 323
226 339
226 341
226 352
226 353
227 260
227 365
228 286
228 374
228 474
229 230
230 472
231 322
231 395
231 464
232 300
232 452
232 464
233 285
233 366
233 481
234 367
234 450
235 249
235 371
235 372
235 380
235 413
235 477
236 299
236 302
236 360
237 331
237 348
237 409
238 344
238 357
238 418
238 465
239 364
239 451
240 258
240 310
240 354
240 356
240 431
240 445
241 348
241 473
242 332
243 362
243 494
244 285
244 420
245 261
245 486
246 332
246 481
247 455
248 479
249 261
249 290
249 356
249 416
249 440
250 333
250 364
250 454
251 410
252 259
252 279
252 289
252 351
252 440
252 445
253 294
253 391
253 397
253 410
254 304
254 454
255 365
255 398
256 326
256 404
257 483
258 286
258 374
258 469
259 345
259 346
259 355
259 448
260 285
260 302
260 394
260 441
261 442
262 285
262 305
262 338
262 461
263 312
263 360
263 365
263 425
263 467
265 287
265 299
265 370
266 330
266 357
266 360
266 366
266 419
266 421
268 270
268 307
268 357
268 396
268 443
268 447
268 474
269 331
269 341
269 344
269 368
269 372
270 341
271 378
271 479
272 299
272 382
272 408
273 282
273 283
273 286
273 352
273 376
273 415
273 428
274 315
274 386
274 441
274 444
275 310
275 399
276 385
276 463
277 324
277 361
277 367
277 412
277 456
277 483
278 315
278 347
278 357
278 411
278 429
278 477
278 479
279 367
279 395
279 466
280 300
280 301
280 383
280 395
281 387
281 410
281 438
282 344
282 380
284 322
284 388
284 449
285 390
286 456
287 327
287 351
287 365
287 451
288 376
288 382
288 476
289 380
290 315
290 433
291 300
291 304
291 340
291 350
291 437
291 463
292 323
292 344
292 485
293 380
293 493
294 361
294 362
294 486
295 368
296 476
297 378
297 382
297 444
297 468
298 400
299 336
300 421
300 451
301 329
301 330
301 492
302 374
302 378
302 392
302 396
302 412
303 338
304 311
304 333
305 323
305 363
306 340
306 477
307 311
307 400
308 347
308 370
308 392
308 443
308 491
310 388
310 411
310 436
311 318
311 328
311 390
311 453
312 467
312 475
312 486
313 381
313 388
313 440
313 454
314 357
314 477
314 491
315 333
315 335
315 417
315 461
315 475
315 488
316 333
316 441
317 341
317 368
317 393
317 495
318 451
319 405
319 433
319 446
319 474
320 338
321 397
322 331
322 400
322 427
323 377
324 351
326 406
326 420
327 368
327 379
327 476
327 477
328 343
328 383
329 358
330 354
330 482
331 347
331 362
331 429
332 355
332 416
332 466
335 426
336 351
336 359
337 359
337 406
337 437
337 445
338 420
339 430
339 449
339 465
341 485
342 476
344 409
346 423
346 454
347 372
347 412
348 371
348 457
349 407
350 412
351 403
351 425
351 445
351 460
352 394
352 428
352 430
352 449
353 369
353 450
354 477
356 445
357 471
359 372
359 490
361 423
361 440
361 460
363 389
363 418
367 375
367 376
370 444
371 382
371 479
372 379
372 417
373 474
375 490
376 381
376 425
377 487
378 380
378 446
379 434
379 480
380 389
380 402
381 388
381 414
381 460
382 486
383 406
384 470
385 430
386 430
386 448
387 421
387 440
388 393
388 395
390 422
391 396
391 492
394 445
394 447
394 494
395 435
395 480
396 404
396 413
399 403
399 477
403 411
403 419
403 479
405 493
406 419
406 420
406 429
408 455
408 491
409 436
409 479
409 484
411 455
411 472
412 425
412 442
413 420
413 475
416 467
416 479
417 481
418 461
419 459
419 494
420 437
422 451
423 457
423 468
425 464
425 486
428 447
430 475
432 453
435 439
435 474
436 455
441 484
442 460
443 455
446 493
448 457
448 465
449 487
460 490
464 477
470 484
471 488
472 495
473 478
492 494
496 30
496 497
496 498
496 499
497 479
497 498
497 499
498 342
498 499
499 313
