241 947
0 1
0 2
0 3
0 4
0 5
0 6
0 7
0 8
0 9
0 10
0 11
0 12
0 13
0 14
0 15
0 16
0 17
0 18
0 19
0 20
0 21
0 22
0 23
0 24
0 25
0 26
0 27
0 28
0 29
0 30
0 31
0 32
0 33
0 34
0 35
0 36
0 37
0 38
0 39
0 40
0 41
0 42
0 43
0 44
0 45
0 46
0 47
0 48
0 49
0 50
0 51
0 52
0 53
0 54
0 55
0 56
0 57
0 58
0 59
0 60
0 61
0 62
0 63
0 64
0 65
0 66
0 67
0 68
0 69
0 70
0 71
0 72
0 73
0 74
0 75
0 76
0 77
0 78
0 79
0 80
0 81
0 82
0 83
0 84
0 85
0 86
0 87
0 88
0 89
0 90
0 91
0 92
0 93
0 94
0 95
0 96
0 97
0 98
0 99
0 100
0 101
0 102
0 103
0 104
0 105
0 106
0 107
0 108
0 109
0 110
0 111
0 112
0 113
0 114
0 115
0 116
0 117
0 118
0 119
0 120
0 121
0 122
0 123
0 124
0 125
0 126
0 127
0 128
0 129
0 130
0 131
0 132
0 133
0 134
0 135
0 136
0 137
0 138
0 139
0 140
0 141
0 142
0 143
0 144
0 145
0 146
0 147
0 148
0 149
0 150
0 151
0 152
0 153
0 154
0 155
0 156
0 157
0 158
0 159
0 160
0 161
0 162
0 163
0 164
0 165
0 166
0 167
0 168
0 169
0 170
0 171
0 172
0 173
0 174
0 175
0 176
0 177
0 178
0 179
0 180
0 181
0 182
0 183
0 184
0 185
0 186
0 187
0 188
0 189
0 190
0 191
0 192
0 193
0 194
0 195
0 196
0 197
0 198
0 199
0 200
0 201
0 202
0 203
0 204
0 205
0 206
0 207
0 208
0 209
0 210
0 211
0 212
0 213
0 214
0 215
0 216
0 217
0 218
0 219
0 220
0 221
0 222
0 223
0 224
0 225
0 226
0 227
0 228
0 229
0 230
0 231
0 232
0 233
0 234
0 235
0 236
1 8
1 108
1 171
1 194
2 36
2 85
2 106
2 108
2 158
3 59
3 80
3 117
3 153
3 155
3 183
3 199
4 8
4 49
4 185
4 194
5 46
5 85
5 120
5 129
5 211
5 221
6 132
6 199
6 200
6 232
7 15
7 22
7 43
7 145
7 179
8 30
8 79
8 120
8 124
8 139
8 147
8 164
8 199
9 35
9 64
9 71
9 72
9 80
9 84
9 92
9 112
9 139
9 151
9 203
10 40
10 84
10 90
10 157
10 208
11 53
11 68
11 75
11 81
11 203
11 212
11 225
11 233
12 18
12 50
12 102
12 116
12 154
12 163
12 218
13 19
13 92
13 207
14 137
14 229
15 24
15 31
15 33
15 47
15 72
15 124
15 146
15 210
15 234
16 36
16 81
16 101
16 120
17 83
17 197
17 225
17 236
18 67
18 110
18 117
18 156
18 188
19 115
19 157
19 160
19 170
20 26
20 75
20 79
20 121
20 194
21 70
21 106
21 143
22 24
22 79
22 113
22 141
22 150
22 164
22 215
22 227
23 30
23 33
23 64
23 74
23 75
23 143
23 216
24 39
24 122
24 141
24 152
24 216
25 74
25 101
25 189
25 201
25 230
25 233
26 119
26 130
26 179
26 187
26 202
26 216
26 226
27 41
27 45
27 133
27 206
28 50
28 57
28 64
28 94
28 116
28 148
28 152
28 183
28 192
28 196
28 198
28 207
28 215
29 54
29 159
29 185
29 221
30 65
30 66
30 94
30 101
30 133
30 183
31 32
31 125
31 225
31 227
31 234
32 62
32 86
32 89
32 92
32 93
32 160
32 205
33 53
33 95
34 47
34 166
34 181
34 209
34 233
35 92
35 116
35 123
35 133
36 44
36 85
36 106
36 107
36 114
36 134
36 146
36 149
36 208
37 50
37 107
37 116
37 118
37 122
37 193
37 206
38 107
38 118
38 224
39 94
39 119
39 127
39 206
39 231
40 59
40 66
40 144
41 75
41 76
41 121
41 156
41 164
41 214
42 56
42 129
42 164
42 169
42 170
42 186
42 189
42 204
42 236
43 50
43 60
43 163
43 165
44 64
44 146
44 206
44 207
45 48
45 71
45 99
45 139
45 183
45 197
45 209
45 223
46 56
46 73
46 121
46 181
46 212
47 105
47 120
47 183
47 213
48 91
48 198
48 210
49 195
49 212
50 71
51 106
51 150
51 172
51 185
52 55
52 128
52 159
52 185
52 215
53 58
53 78
53 79
53 99
53 133
53 143
53 213
54 147
54 173
55 90
55 202
55 204
55 222
55 225
55 227
55 232
56 71
56 127
56 129
56 137
56 179
57 114
57 214
57 221
58 101
58 107
58 227
58 234
59 65
59 152
59 163
59 169
60 84
60 96
60 115
60 118
60 142
60 175
60 179
60 203
60 218
61 72
61 142
61 187
61 234
62 139
62 144
62 190
63 71
63 138
63 163
64 186
64 220
65 145
65 194
65 214
66 184
66 188
66 206
67 95
67 176
67 190
67 194
67 229
68 107
68 141
68 166
68 167
68 183
68 191
69 117
69 200
69 206
69 228
70 81
70 131
70 208
71 210
71 217
71 232
72 86
72 113
72 131
72 132
73 74
73 78
73 91
73 106
73 107
73 168
74 109
74 208
75 76
75 93
76 96
76 145
76 157
76 164
77 96
77 132
77 139
77 156
77 235
78 88
78 115
78 163
78 167
78 193
78 198
78 199
78 213
79 151
79 172
80 110
80 136
80 144
81 84
81 102
81 104
81 157
81 230
82 88
82 133
82 208
83 231
84 178
84 217
85 94
85 183
85 184
85 194
86 93
86 129
86 154
86 159
86 208
87 143
88 95
88 212
89 127
89 169
89 179
89 201
90 142
90 203
90 216
91 188
92 147
92 176
92 230
93 116
93 213
93 221
94 97
94 99
94 166
94 188
94 201
94 218
94 229
94 230
95 113
95 132
95 156
95 164
95 214
96 152
96 219
96 227
97 184
97 211
97 224
98 137
98 161
98 185
98 200
99 110
99 115
99 168
99 200
99 219
99 236
100 234
101 111
101 125
101 158
101 185
101 213
102 123
103 141
103 212
103 225
104 124
104 143
104 164
104 217
105 106
105 130
105 178
106 113
106 126
106 138
106 165
106 189
106 194
107 195
108 112
108 150
108 194
108 204
108 224
108 227
109 130
110 114
111 136
111 158
111 163
111 166
112 184
112 203
112 218
112 236
113 130
114 152
114 159
114 164
114 178
115 122
115 140
115 151
115 224
116 153
116 205
117 144
117 172
118 149
118 169
118 176
118 209
118 222
119 172
120 121
120 148
120 166
120 196
120 226
121 232
122 124
122 153
122 189
122 192
123 149
123 151
123 181
124 143
124 152
124 154
125 181
125 230
126 142
126 148
126 168
126 201
127 143
128 205
129 216
129 225
130 210
131 149
131 168
131 175
131 215
131 236
132 156
132 158
132 180
132 221
133 138
133 147
133 181
133 199
135 178
135 198
135 214
136 214
137 169
137 191
138 147
138 177
138 214
138 228
139 152
139 159
140 156
140 228
141 166
141 191
141 204
141 212
141 222
142 149
142 192
143 168
144 171
144 180
144 186
145 188
146 164
146 234
147 155
148 204
148 226
149 152
151 169
151 187
151 213
152 165
153 167
154 227
155 162
155 183
155 184
155 210
155 217
155 222
156 193
157 221
157 225
158 203
159 164
159 232
160 182
161 169
161 189
162 174
163 166
163 181
163 205
163 229
164 178
164 179
164 202
164 234
165 177
165 208
165 221
166 182
166 194
166 197
166 201
166 219
166 227
167 201
168 201
168 221
169 215
169 216
170 202
170 214
171 174
171 178
172 179
172 189
172 203
173 208
174 187
174 220
175 191
175 231
176 196
176 204
177 206
177 232
178 202
178 231
179 209
180 208
181 214
182 208
183 236
184 185
184 193
186 206
186 215
187 189
187 208
187 210
189 202
189 234
190 227
190 231
192 193
192 203
193 202
193 218
193 233
194 200
194 216
195 223
196 220
196 230
196 235
197 212
198 215
199 208
201 230
202 219
204 218
206 213
206 221
209 221
211 220
211 232
212 236
213 217
214 220
216 233
219 224
221 233
222 236
223 231
227 232
229 232
237 1
237 238
237 239
237 240
238 62
238 239
238 240
239 132
239 240
240 114
