315 1239
0 1
0 2
0 3
0 4
0 5
0 6
0 7
0 8
0 9
0 10
0 11
0 12
0 13
0 14
0 15
0 16
0 17
0 18
0 19
0 20
0 21
0 22
0 23
0 24
0 25
0 26
0 27
0 28
0 29
0 30
0 31
0 32
0 33
0 34
0 35
0 36
0 37
0 38
0 39
0 40
0 41
0 42
0 43
0 44
0 45
0 46
0 47
0 48
0 49
0 50
0 51
0 52
0 53
0 54
0 55
0 56
0 57
0 58
0 59
0 60
0 61
0 62
0 63
0 64
0 65
0 66
0 67
0 68
0 69
0 70
0 71
0 72
0 73
0 74
0 75
0 76
0 77
0 78
0 79
0 80
0 81
0 82
0 83
0 84
0 85
0 86
0 87
0 88
0 89
0 90
0 91
0 92
0 93
0 94
0 95
0 96
0 97
0 98
0 99
0 100
0 101
0 102
0 103
0 104
0 105
0 106
0 107
0 108
0 109
0 110
0 111
0 112
0 113
0 114
0 115
0 116
0 117
0 118
0 119
0 120
0 121
0 122
0 123
0 124
0 125
0 126
0 127
0 128
0 129
0 130
0 131
0 132
0 133
0 134
0 135
0 136
0 137
0 138
0 139
0 140
0 141
0 142
0 143
0 144
0 145
0 146
0 147
0 148
0 149
0 150
0 151
0 152
0 153
0 154
0 155
0 156
0 157
0 158
0 159
0 160
0 161
0 162
0 163
0 164
0 165
0 166
0 167
0 168
0 169
0 170
0 171
0 172
0 173
0 174
0 175
0 176
0 177
0 178
0 179
0 180
0 181
0 182
0 183
0 184
0 185
0 186
0 187
0 188
0 189
0 190
0 191
0 192
0 193
0 194
0 195
0 196
0 197
0 198
0 199
0 200
0 201
0 202
0 203
0 204
0 205
0 206
0 207
0 208
0 209
0 210
0 211
0 212
0 213
0 214
0 215
0 216
0 217
0 218
0 219
0 220
0 221
0 222
0 223
0 224
0 225
0 226
0 227
0 228
0 229
0 230
0 231
0 232
0 233
0 234
0 235
0 236
0 237
0 238
0 239
0 240
0 241
0 242
0 243
0 244
0 245
0 246
0 247
0 248
0 249
0 250
0 251
0 252
0 253
0 254
0 255
0 256
0 257
0 258
0 259
0 260
0 261
0 262
0 263
0 264
0 265
0 266
0 267
0 268
0 269
0 270
0 271
0 272
0 273
0 274
0 275
0 276
0 277
0 278
0 279
0 280
0 281
0 282
0 283
0 284
0 285
0 286
0 287
0 288
0 289
0 290
0 291
0 292
0 293
0 294
0 295
0 296
0 297
0 298
0 299
0 300
0 301
0 302
0 303
0 304
0 305
0 306
0 307
0 308
0 309
0 310
1 62
1 100
1 128
1 138
1 164
2 11
2 60
2 82
2 187
2 188
2 193
2 215
2 236
3 68
3 106
3 111
3 164
3 190
3 201
3 247
3 272
4 17
4 22
4 204
4 237
4 259
5 100
5 115
5 177
5 245
5 253
5 304
5 307
6 135
6 191
6 206
6 246
7 18
7 20
7 36
7 76
7 82
7 139
7 154
7 184
7 186
7 215
7 255
8 82
8 90
8 94
8 126
8 158
8 229
9 14
9 15
9 137
9 179
9 191
9 281
9 302
10 49
10 97
10 100
10 138
11 97
12 143
12 158
12 209
12 291
13 100
13 120
13 138
13 177
13 253
13 299
14 96
15 17
15 25
15 50
15 128
15 236
15 245
15 273
15 298
16 70
16 122
16 129
16 170
16 281
17 26
17 118
17 148
17 152
17 162
17 191
17 248
17 287
17 308
18 21
18 26
18 30
18 56
18 92
18 105
18 179
18 187
18 250
19 78
19 122
19 185
19 246
19 268
20 162
20 168
20 252
21 185
21 202
21 297
22 122
22 137
22 141
22 173
22 205
22 247
22 258
23 114
23 214
23 295
24 74
24 149
24 170
24 219
25 56
25 87
25 146
25 160
25 228
25 239
25 283
25 307
26 85
26 168
26 216
26 249
26 286
27 76
27 168
27 266
28 111
28 144
28 265
29 163
29 201
29 217
30 81
30 89
30 183
30 188
30 234
30 277
31 134
31 163
31 195
31 199
31 216
31 255
31 275
31 302
32 34
32 54
32 162
32 205
32 245
32 288
32 309
33 34
33 66
33 80
33 105
34 46
34 241
35 151
35 159
35 186
35 218
35 223
35 236
35 253
35 277
36 66
36 96
36 177
36 212
36 213
36 224
36 293
36 305
37 49
37 87
37 101
37 216
37 293
38 124
38 131
38 139
38 154
38 209
38 237
38 273
39 66
39 106
39 133
39 192
39 211
39 219
40 165
40 271
41 53
41 127
41 214
41 288
41 301
42 78
42 123
42 139
42 204
42 229
43 73
43 123
43 133
43 169
43 176
43 212
43 298
44 114
44 143
44 227
44 246
44 274
44 281
44 303
45 73
45 158
45 238
45 275
45 293
45 294
45 306
46 59
46 173
46 268
47 110
47 116
47 149
47 285
47 293
48 64
48 75
48 82
48 129
48 173
48 185
49 72
49 90
49 133
49 145
49 242
49 249
49 266
50 75
50 110
50 123
50 260
51 93
51 145
52 127
52 149
52 213
52 246
52 309
53 103
53 227
53 254
53 269
53 292
54 148
54 215
54 224
54 247
55 124
55 142
55 168
56 114
56 168
56 281
57 98
57 177
57 200
58 103
58 118
58 211
58 245
59 216
59 297
60 151
60 175
60 179
60 202
60 216
60 232
61 286
62 143
62 288
62 294
63 67
63 113
63 226
63 240
63 291
64 111
64 138
64 168
64 213
64 288
65 100
65 129
66 90
66 171
67 69
67 75
67 100
67 108
67 115
67 211
67 219
67 234
67 251
67 303
68 249
68 267
68 272
68 299
69 136
69 139
69 145
69 160
69 258
70 96
70 137
70 161
70 196
70 203
70 245
71 97
71 191
71 203
71 272
71 295
72 74
72 179
72 206
73 92
73 98
73 106
73 115
73 126
73 159
73 160
73 186
73 253
73 301
73 302
74 169
74 182
74 204
74 229
74 268
75 108
75 148
75 169
76 127
76 145
76 152
76 174
76 201
76 203
76 251
77 84
77 170
77 173
77 185
77 211
77 281
77 284
78 150
78 158
78 183
78 204
78 242
78 273
79 202
79 254
79 280
80 261
81 167
81 264
82 83
82 300
83 159
83 285
83 297
84 132
84 185
84 215
84 222
84 226
84 228
84 264
85 90
85 110
85 113
85 223
85 229
85 259
86 111
86 138
86 146
86 232
86 253
87 145
87 210
87 267
88 195
88 282
88 299
89 177
89 199
89 241
89 250
91 141
91 216
91 266
92 93
92 101
92 173
92 179
92 251
92 304
93 207
93 283
94 180
94 208
94 242
94 290
94 301
95 138
95 266
95 302
96 133
96 171
96 252
96 279
96 301
97 102
97 166
97 264
98 135
98 266
99 121
99 158
99 161
99 192
99 232
99 308
100 110
100 126
100 139
100 229
101 152
101 171
101 209
101 211
102 160
102 270
102 293
102 303
103 104
103 123
103 183
104 106
104 121
104 126
104 188
105 216
106 116
106 121
106 141
106 143
106 163
106 252
106 302
107 135
107 179
107 191
107 268
109 131
109 144
109 159
109 187
109 223
109 301
110 114
110 218
110 219
110 220
110 241
110 272
111 154
112 154
112 201
112 258
112 283
113 179
113 240
114 133
114 134
114 191
114 239
114 250
114 254
114 256
114 289
115 176
115 203
115 298
116 156
116 189
116 205
116 254
116 278
116 304
117 140
117 210
117 218
117 249
118 212
118 289
119 136
119 198
119 202
119 299
119 302
120 235
120 249
120 294
121 134
121 302
122 139
122 228
122 230
122 284
123 131
123 175
123 198
123 286
123 297
124 175
124 203
125 150
125 154
125 172
125 196
125 257
125 285
126 150
126 280
126 282
126 309
127 202
127 208
127 225
127 278
127 302
128 144
128 146
128 165
128 183
128 224
128 290
129 142
129 174
129 183
131 234
131 278
132 165
132 166
132 188
132 212
132 270
132 293
133 138
135 155
135 287
136 180
137 262
137 277
137 300
138 217
138 238
138 268
138 281
139 154
140 150
140 215
140 252
140 285
141 219
141 224
141 240
142 160
142 173
142 225
142 252
142 268
143 165
143 174
143 190
143 227
143 249
143 276
145 176
145 183
145 222
145 230
145 236
145 241
145 260
145 306
146 303
147 175
147 215
147 221
147 254
147 299
148 162
148 192
148 219
149 290
150 165
150 253
150 256
150 274
151 172
151 192
151 260
151 288
152 165
152 166
152 179
152 211
153 214
153 262
154 156
154 171
154 175
154 218
154 223
155 249
155 289
156 244
156 263
156 301
157 166
157 167
157 176
157 191
157 196
157 243
157 307
158 175
158 217
158 269
159 208
160 273
160 280
160 300
161 210
161 231
161 247
161 302
162 163
162 304
163 239
163 297
163 307
164 204
164 210
164 287
165 186
166 234
166 239
167 170
167 233
167 242
167 252
168 246
169 187
169 244
170 191
170 203
170 258
170 269
171 197
171 231
171 291
171 295
171 296
171 303
172 176
172 260
172 299
173 194
175 257
175 262
176 185
176 212
176 288
176 303
177 205
177 226
177 289
178 244
178 280
179 225
179 296
180 226
180 272
181 299
182 204
182 233
182 246
182 252
182 306
183 188
183 263
184 261
184 273
184 302
184 305
184 309
185 201
187 270
189 199
189 262
190 234
190 245
190 260
190 283
190 303
191 211
191 231
193 204
193 222
193 248
193 250
193 279
194 213
195 197
195 242
195 251
196 197
197 222
197 287
198 291
198 292
199 226
200 212
200 218
200 264
201 221
201 245
201 246
201 252
201 304
202 284
202 310
203 280
205 227
205 230
206 219
206 241
206 283
207 214
207 257
207 302
208 250
209 295
209 302
209 310
210 267
210 294
211 223
211 231
211 273
212 244
212 290
213 235
214 219
214 221
214 278
215 296
215 297
216 238
216 310
217 222
217 258
217 277
217 307
218 224
219 223
221 251
221 296
221 304
222 232
222 255
222 260
222 278
223 281
223 283
224 262
226 298
227 245
228 247
228 256
230 235
230 304
231 248
231 253
231 305
233 286
233 307
234 247
235 267
235 278
237 264
238 264
239 275
239 289
240 269
241 249
241 275
244 247
244 250
244 251
244 252
244 268
245 295
246 258
246 308
247 265
249 277
250 258
250 277
251 294
252 263
253 258
253 294
254 257
254 269
254 286
255 261
255 267
257 299
257 304
258 297
261 276
262 297
263 294
263 295
264 293
265 266
265 273
265 309
267 288
270 277
270 287
271 279
271 285
273 281
274 291
276 279
276 291
277 305
278 307
279 302
279 309
280 303
281 284
281 290
282 299
284 298
285 293
287 294
287 308
289 296
290 295
291 296
291 310
292 300
292 309
293 300
295 297
295 303
296 298
297 305
297 309
298 303
299 305
311 302
311 312
311 313
311 314
312 56
312 313
312 314
313 247
313 314
314 310
