352 1387
0 1
0 2
0 3
0 4
0 5
0 6
0 7
0 8
0 9
0 10
0 11
0 12
0 13
0 14
0 15
0 16
0 17
0 18
0 19
0 20
0 21
0 22
0 23
0 24
0 25
0 26
0 27
0 28
0 29
0 30
0 31
0 32
0 33
0 34
0 35
0 36
0 37
0 38
0 39
0 40
0 41
0 42
0 43
0 44
0 45
0 46
0 47
0 48
0 49
0 50
0 51
0 52
0 53
0 54
0 55
0 56
0 57
0 58
0 59
0 60
0 61
0 62
0 63
0 64
0 65
0 66
0 67
0 68
0 69
0 70
0 71
0 72
0 73
0 74
0 75
0 76
0 77
0 78
0 79
0 80
0 81
0 82
0 83
0 84
0 85
0 86
0 87
0 88
0 89
0 90
0 91
0 92
0 93
0 94
0 95
0 96
0 97
0 98
0 99
0 100
0 101
0 102
0 103
0 104
0 105
0 106
0 107
0 108
0 109
0 110
0 111
0 112
0 113
0 114
0 115
0 116
0 117
0 118
0 119
0 120
0 121
0 122
0 123
0 124
0 125
0 126
0 127
0 128
0 129
0 130
0 131
0 132
0 133
0 134
0 135
0 136
0 137
0 138
0 139
0 140
0 141
0 142
0 143
0 144
0 145
0 146
0 147
0 148
0 149
0 150
0 151
0 152
0 153
0 154
0 155
0 156
0 157
0 158
0 159
0 160
0 161
0 162
0 163
0 164
0 165
0 166
0 167
0 168
0 169
0 170
0 171
0 172
0 173
0 174
0 175
0 176
0 177
0 178
0 179
0 180
0 181
0 182
0 183
0 184
0 185
0 186
0 187
0 188
0 189
0 190
0 191
0 192
0 193
0 194
0 195
0 196
0 197
0 198
0 199
0 200
0 201
0 202
0 203
0 204
0 205
0 206
0 207
0 208
0 209
0 210
0 211
0 212
0 213
0 214
0 215
0 216
0 217
0 218
0 219
0 220
0 221
0 222
0 223
0 224
0 225
0 226
0 227
0 228
0 229
0 230
0 231
0 232
0 233
0 234
0 235
0 236
0 237
0 238
0 239
0 240
0 241
0 242
0 243
0 244
0 245
0 246
0 247
0 248
0 249
0 250
0 251
0 252
0 253
0 254
0 255
0 256
0 257
0 258
0 259
0 260
0 261
0 262
0 263
0 264
0 265
0 266
0 267
0 268
0 269
0 270
0 271
0 272
0 273
0 274
0 275
0 276
0 277
0 278
0 279
0 280
0 281
0 282
0 283
0 284
0 285
0 286
0 287
0 288
0 289
0 290
0 291
0 292
0 293
0 294
0 295
0 296
0 297
0 298
0 299
0 300
0 301
0 302
0 303
0 304
0 305
0 306
0 307
0 308
0 309
0 310
0 311
0 312
0 313
0 314
0 315
0 316
0 317
0 318
0 319
0 320
0 321
0 322
0 323
0 324
0 325
0 326
0 327
0 328
0 329
0 330
0 331
0 332
0 333
0 334
0 335
0 336
0 337
0 338
0 339
0 340
0 341
0 342
0 343
0 344
0 345
0 346
0 347
1 57
1 64
1 68
1 114
1 223
1 325
1 345
2 26
2 159
2 226
2 300
2 327
3 126
3 147
3 165
3 179
3 199
4 103
4 123
4 172
4 206
4 286
5 30
5 50
5 120
5 197
5 246
6 56
6 111
6 249
6 265
6 281
6 286
6 307
7 77
7 120
7 229
7 298
7 340
8 31
8 48
8 113
8 139
8 178
8 229
8 276
8 281
8 323
8 326
9 26
9 100
9 116
9 138
9 213
9 226
9 330
10 46
10 68
10 158
10 268
10 287
10 344
11 41
11 61
11 64
11 119
11 272
12 64
12 127
12 142
12 201
12 232
13 57
13 62
13 159
13 192
14 58
14 109
14 184
14 186
15 18
15 218
15 244
15 275
15 281
15 316
15 329
16 27
16 31
16 120
16 172
16 294
16 304
17 28
17 47
17 65
17 114
17 115
17 138
18 20
18 111
18 113
18 156
18 209
18 314
18 346
19 58
19 73
19 181
19 228
20 240
20 263
20 284
21 66
21 79
22 23
22 38
22 41
22 75
22 84
22 195
22 258
22 259
22 281
22 282
22 330
22 342
23 115
23 139
23 264
23 280
23 296
23 317
23 320
24 98
24 116
24 132
24 165
24 166
24 222
24 288
24 314
24 327
24 330
25 68
25 70
25 114
25 115
25 150
25 171
25 174
25 184
25 218
25 233
25 269
26 41
26 88
26 131
26 137
26 164
26 216
27 181
27 240
27 258
27 260
27 285
27 334
28 39
28 67
28 129
28 159
28 207
28 310
28 324
29 37
29 250
29 261
29 334
30 79
30 124
30 133
30 146
31 131
31 163
31 174
31 196
32 91
32 246
33 192
33 303
33 305
33 312
34 107
34 127
34 199
34 252
34 322
35 45
35 117
35 158
35 159
35 175
35 311
35 317
35 326
36 133
36 153
36 186
36 295
37 127
37 149
37 296
38 134
38 191
38 259
38 275
38 292
39 60
39 72
39 136
39 256
40 53
40 158
40 290
40 304
40 347
41 69
41 107
41 173
41 215
42 57
42 106
42 224
42 253
43 87
43 106
43 121
43 179
43 238
43 263
43 292
43 320
44 76
44 154
44 216
45 52
45 112
45 216
46 64
46 236
46 326
47 279
47 315
47 316
47 342
48 62
48 163
48 300
48 314
48 333
49 220
49 243
49 254
49 258
49 261
49 264
49 278
50 326
51 155
51 285
52 71
52 97
52 230
52 317
53 60
53 158
53 207
53 215
53 261
53 303
54 89
54 95
54 166
54 194
54 216
54 300
54 319
55 107
55 149
55 269
56 101
56 165
56 193
56 202
56 209
56 267
56 297
56 306
57 96
57 119
57 241
58 94
58 151
58 152
59 122
59 152
59 167
59 172
59 299
60 101
60 111
60 140
60 192
60 267
60 306
61 209
61 227
62 201
62 266
62 306
62 314
62 342
63 65
63 106
63 121
63 126
63 309
64 67
64 84
64 166
64 210
64 211
65 217
65 218
65 284
65 307
66 82
66 100
66 205
66 248
66 324
67 68
67 99
67 112
67 139
67 186
67 212
67 246
68 77
68 251
69 147
69 232
69 257
69 291
69 306
69 338
70 138
70 163
70 188
70 197
70 203
70 228
70 250
70 339
71 159
71 164
71 316
72 90
72 94
72 153
72 205
72 238
73 270
74 81
74 105
74 130
74 161
74 249
74 266
74 304
74 329
75 83
75 121
75 146
75 213
75 288
75 290
76 117
76 150
76 217
76 227
76 230
76 299
76 301
76 302
76 313
77 79
77 117
77 157
77 162
77 230
78 106
78 179
78 244
78 252
78 267
79 89
79 127
79 132
79 155
79 181
79 187
79 217
80 117
80 142
80 151
80 166
81 86
81 99
81 169
81 172
81 243
81 247
81 250
81 284
81 298
81 322
82 149
82 320
82 347
83 144
83 156
83 219
84 96
84 103
84 246
84 266
84 338
85 135
85 182
85 190
85 204
85 266
85 292
85 293
86 93
86 104
86 145
86 148
86 151
87 114
87 134
87 174
87 286
87 315
87 318
87 329
88 115
88 135
88 162
88 173
88 211
88 304
89 293
89 302
90 92
90 133
90 207
90 214
90 293
90 327
91 94
91 115
91 167
91 260
92 115
92 181
93 127
93 163
93 202
93 215
93 217
93 246
93 267
94 128
94 147
94 182
94 183
94 260
94 264
94 276
95 174
95 238
95 259
95 329
96 137
96 167
96 192
96 326
97 152
97 236
97 264
97 282
98 156
98 194
98 241
99 109
99 143
99 180
99 222
99 272
99 283
100 109
100 122
100 146
100 277
100 288
101 145
101 192
101 275
101 302
101 311
101 314
102 138
102 159
102 204
103 199
103 330
104 148
104 153
104 337
105 157
105 245
105 319
106 132
106 149
106 152
106 178
106 212
106 219
106 233
106 286
107 118
107 130
107 210
107 215
107 262
107 281
107 294
107 301
107 329
108 170
108 264
108 273
109 158
109 217
109 228
109 282
110 139
110 299
110 339
111 142
111 191
111 221
111 301
112 136
112 217
112 251
112 253
112 307
112 327
112 341
113 230
113 341
115 166
115 186
115 238
115 295
116 176
116 214
116 288
116 317
117 246
117 291
117 317
118 145
118 173
119 173
119 178
119 184
119 193
119 220
119 255
119 292
119 315
120 186
120 324
121 277
121 314
122 240
122 251
122 323
122 344
123 137
123 149
123 182
123 213
123 240
123 248
123 335
124 138
124 283
124 316
125 129
125 142
125 173
125 189
125 200
125 268
126 149
126 218
126 273
126 322
127 177
127 310
127 324
127 333
128 198
128 246
128 270
128 290
130 141
130 160
130 192
130 195
130 227
131 161
131 199
131 241
131 272
131 314
131 318
132 159
132 166
132 216
132 229
132 283
133 205
133 241
133 265
133 287
133 317
134 141
134 147
134 180
134 220
134 225
134 226
134 245
134 293
135 159
136 242
136 267
136 271
136 317
136 343
137 220
137 247
138 139
138 174
138 202
138 270
139 170
139 258
139 321
140 217
140 308
142 332
143 164
143 280
143 288
144 229
144 246
145 212
145 301
146 302
147 176
147 197
147 247
147 344
148 225
148 278
149 158
149 169
149 210
149 323
150 156
150 207
150 221
150 307
151 198
151 229
151 263
151 292
152 169
152 223
152 257
152 282
152 303
152 328
153 207
153 239
153 263
154 213
154 275
154 341
155 191
155 229
155 265
155 319
156 223
157 309
157 326
158 167
158 205
158 244
159 177
159 237
160 204
160 281
160 295
161 335
162 228
162 336
163 165
163 218
163 223
163 292
164 168
164 178
164 195
164 222
164 323
164 341
165 216
165 300
165 307
166 177
166 297
167 223
168 179
168 196
168 202
168 206
168 285
168 287
168 312
168 329
168 341
168 342
169 198
169 297
169 302
170 210
170 255
171 235
171 262
172 178
172 180
172 223
172 237
172 244
172 256
172 289
173 206
173 291
173 295
173 330
174 285
174 312
175 283
175 287
176 186
176 235
176 297
177 265
177 279
177 321
177 341
178 208
178 222
179 185
179 199
179 207
179 212
179 238
179 251
179 261
179 288
179 297
179 334
180 195
180 236
180 238
180 247
181 182
181 241
181 271
181 310
181 346
182 208
182 244
182 246
182 251
182 282
182 313
183 267
184 214
184 310
184 315
185 226
185 242
185 270
186 194
186 196
186 289
186 294
187 318
188 191
188 232
188 281
188 341
189 231
189 255
189 266
189 274
189 285
189 305
189 329
190 212
190 226
190 247
191 205
191 261
191 284
191 292
191 316
192 310
193 223
193 344
195 281
196 204
197 210
198 203
198 302
199 215
199 330
199 334
199 342
200 226
200 341
201 218
202 214
202 241
202 259
202 311
203 292
205 207
205 275
205 293
205 298
205 328
205 347
206 213
207 221
207 295
207 314
208 281
208 295
208 329
209 300
209 334
210 256
210 277
211 298
212 243
212 281
212 301
212 343
213 310
214 223
214 258
215 220
215 263
215 283
216 256
216 267
217 315
217 340
218 259
218 287
219 262
219 292
220 258
220 330
220 333
221 282
222 245
222 312
223 275
223 284
223 323
223 330
224 279
225 257
226 305
227 290
227 322
227 326
228 240
228 336
229 308
230 336
230 342
230 343
232 256
232 289
233 286
233 330
234 342
235 237
235 299
236 269
237 250
237 339
238 266
238 276
238 280
239 258
239 345
240 264
240 295
240 301
241 251
241 282
242 244
244 267
244 280
245 309
245 314
247 324
249 344
250 253
250 278
250 285
250 310
250 341
251 308
253 282
253 314
255 267
255 280
256 271
256 272
257 270
257 297
258 292
258 336
259 265
260 288
261 284
262 290
262 308
263 332
264 300
264 323
265 300
265 327
265 337
265 347
267 329
268 292
268 293
269 331
271 295
271 296
272 319
274 342
275 343
276 288
276 320
276 336
277 283
278 343
281 322
282 289
283 289
284 293
285 308
285 332
285 335
289 317
289 320
290 331
293 313
293 319
293 332
293 338
294 314
294 344
295 302
295 344
297 317
297 342
298 321
298 334
299 332
300 346
301 305
305 308
306 311
309 316
310 317
311 337
314 343
314 347
315 318
315 337
319 324
332 342
348 93
348 349
348 350
348 351
349 175
349 350
349 351
350 182
350 351
351 206
