537 2133
0 1
0 2
0 3
0 4
0 5
0 6
0 7
0 8
0 9
0 10
0 11
0 12
0 13
0 14
0 15
0 16
0 17
0 18
0 19
0 20
0 21
0 22
0 23
0 24
0 25
0 26
0 27
0 28
0 29
0 30
0 31
0 32
0 33
0 34
0 35
0 36
0 37
0 38
0 39
0 40
0 41
0 42
0 43
0 44
0 45
0 46
0 47
0 48
0 49
0 50
0 51
0 52
0 53
0 54
0 55
0 56
0 57
0 58
0 59
0 60
0 61
0 62
0 63
0 64
0 65
0 66
0 67
0 68
0 69
0 70
0 71
0 72
0 73
0 74
0 75
0 76
0 77
0 78
0 79
0 80
0 81
0 82
0 83
0 84
0 85
0 86
0 87
0 88
0 89
0 90
0 91
0 92
0 93
0 94
0 95
0 96
0 97
0 98
0 99
0 100
0 101
0 102
0 103
0 104
0 105
0 106
0 107
0 108
0 109
0 110
0 111
0 112
0 113
0 114
0 115
0 116
0 117
0 118
0 119
0 120
0 121
0 122
0 123
0 124
0 125
0 126
0 127
0 128
0 129
0 130
0 131
0 132
0 133
0 134
0 135
0 136
0 137
0 138
0 139
0 140
0 141
0 142
0 143
0 144
0 145
0 146
0 147
0 148
0 149
0 150
0 151
0 152
0 153
0 154
0 155
0 156
0 157
0 158
0 159
0 160
0 161
0 162
0 163
0 164
0 165
0 166
0 167
0 168
0 169
0 170
0 171
0 172
0 173
0 174
0 175
0 176
0 177
0 178
0 179
0 180
0 181
0 182
0 183
0 184
0 185
0 186
0 187
0 188
0 189
0 190
0 191
0 192
0 193
0 194
0 195
0 196
0 197
0 198
0 199
0 200
0 201
0 202
0 203
0 204
0 205
0 206
0 207
0 208
0 209
0 210
0 211
0 212
0 213
0 214
0 215
0 216
0 217
0 218
0 219
0 220
0 221
0 222
0 223
0 224
0 225
0 226
0 227
0 228
0 229
0 230
0 231
0 232
0 233
0 234
0 235
0 236
0 237
0 238
0 239
0 240
0 241
0 242
0 243
0 244
0 245
0 246
0 247
0 248
0 249
0 250
0 251
0 252
0 253
0 254
0 255
0 256
0 257
0 258
0 259
0 260
0 261
0 262
0 263
0 264
0 265
0 266
0 267
0 268
0 269
0 270
0 271
0 272
0 273
0 274
0 275
0 276
0 277
0 278
0 279
0 280
0 281
0 282
0 283
0 284
0 285
0 286
0 287
0 288
0 289
0 290
0 291
0 292
0 293
0 294
0 295
0 296
0 297
0 298
0 299
0 300
0 301
0 302
0 303
0 304
0 305
0 306
0 307
0 308
0 309
0 310
0 311
0 312
0 313
0 314
0 315
0 316
0 317
0 318
0 319
0 320
0 321
0 322
0 323
0 324
0 325
0 326
0 327
0 328
0 329
0 330
0 331
0 332
0 333
0 334
0 335
0 336
0 337
0 338
0 339
0 340
0 341
0 342
0 343
0 344
0 345
0 346
0 347
0 348
0 349
0 350
0 351
0 352
0 353
0 354
0 355
0 356
0 357
0 358
0 359
0 360
0 361
0 362
0 363
0 364
0 365
0 366
0 367
0 368
0 369
0 370
0 371
0 372
0 373
0 374
0 375
0 376
0 377
0 378
0 379
0 380
0 381
0 382
0 383
0 384
0 385
0 386
0 387
0 388
0 389
0 390
0 391
0 392
0 393
0 394
0 395
0 396
0 397
0 398
0 399
0 400
0 401
0 402
0 403
0 404
0 405
0 406
0 407
0 408
0 409
0 410
0 411
0 412
0 413
0 414
0 415
0 416
0 417
0 418
0 419
0 420
0 421
0 422
0 423
0 424
0 425
0 426
0 427
0 428
0 429
0 430
0 431
0 432
0 433
0 434
0 435
0 436
0 437
0 438
0 439
0 440
0 441
0 442
0 443
0 444
0 445
0 446
0 447
0 448
0 449
0 450
0 451
0 452
0 453
0 454
0 455
0 456
0 457
0 458
0 459
0 460
0 461
0 462
0 463
0 464
0 465
0 466
0 467
0 468
0 469
0 470
0 471
0 472
0 473
0 474
0 475
0 476
0 477
0 478
0 479
0 480
0 481
0 482
0 483
0 484
0 485
0 486
0 487
0 488
0 489
0 490
0 491
0 492
0 493
0 494
0 495
0 496
0 497
0 498
0 499
0 500
0 501
0 502
0 503
0 504
0 505
0 506
0 507
0 508
0 509
0 510
0 511
0 512
0 513
0 514
0 515
0 516
0 517
0 518
0 519
0 520
0 521
0 522
0 523
0 524
0 525
0 526
0 527
0 528
0 529
0 530
0 531
0 532
1 82
1 116
1 154
1 346
1 409
1 493
2 188
2 302
2 342
2 364
2 388
2 412
2 431
2 472
2 478
3 64
3 69
3 117
3 119
3 362
3 457
3 464
3 487
4 122
4 174
4 211
4 228
4 273
4 282
4 293
4 394
5 41
5 44
5 227
5 427
6 79
6 215
6 221
6 235
6 334
6 527
7 31
7 72
7 190
7 416
8 45
8 121
8 326
8 365
8 519
9 50
9 298
9 394
9 410
9 424
10 57
10 86
10 87
10 199
10 244
10 355
10 483
10 526
11 123
11 127
11 324
11 377
12 42
12 117
12 181
12 256
12 376
12 404
13 159
13 498
14 135
14 180
14 253
14 290
14 318
14 393
14 432
14 492
15 146
15 229
15 276
15 293
15 483
15 524
15 528
16 89
16 112
16 190
16 324
16 382
16 393
16 405
16 406
16 492
16 519
17 56
17 71
17 132
17 378
17 385
17 390
17 405
17 507
17 532
18 74
18 410
18 424
18 489
19 31
19 168
19 380
19 461
19 516
19 521
20 42
20 134
20 200
20 441
21 46
21 63
21 84
21 177
21 213
21 315
21 353
22 122
22 125
22 133
22 351
22 381
23 69
23 74
23 294
23 309
23 357
23 467
23 504
24 42
24 61
24 62
24 93
24 241
24 355
25 42
25 151
25 333
25 382
25 520
26 28
26 177
26 202
26 258
26 272
26 326
26 334
26 369
26 437
26 480
27 97
27 104
27 315
27 463
27 482
28 123
28 406
28 430
28 450
28 509
29 130
29 259
29 266
29 306
29 395
30 41
30 125
30 169
30 291
30 328
30 418
31 513
32 97
32 133
32 166
32 224
32 288
32 290
32 331
32 335
33 93
33 236
33 251
33 375
33 495
34 100
34 136
34 167
34 228
34 248
34 328
34 333
34 413
35 224
35 243
35 275
35 340
36 66
36 119
36 255
36 316
36 390
36 420
36 471
36 508
37 78
37 81
37 131
37 154
37 214
37 426
37 427
38 152
38 183
38 217
38 335
38 341
38 387
38 409
39 167
39 185
39 488
39 507
40 64
40 81
40 317
40 369
40 407
40 444
40 489
40 526
41 71
41 252
41 343
41 386
41 423
42 155
42 248
42 299
42 387
42 455
42 456
42 464
43 75
43 79
43 141
43 311
44 108
44 109
44 210
44 338
44 462
45 162
45 247
45 285
45 306
45 439
46 202
46 332
46 340
46 385
46 405
46 473
46 508
47 94
47 249
47 414
47 501
47 515
47 516
48 128
48 216
48 228
48 248
48 263
48 310
48 358
48 406
48 422
48 447
49 70
49 100
49 245
49 316
49 473
49 488
50 289
50 360
50 389
50 399
50 423
50 486
51 316
51 374
51 516
52 100
52 282
52 357
52 384
53 145
53 148
53 232
53 235
53 368
54 267
54 320
54 397
54 433
54 498
54 515
55 95
55 159
55 174
55 205
55 267
55 317
55 473
56 238
56 289
56 378
56 383
56 400
56 445
57 104
57 371
58 115
58 136
58 193
58 276
58 330
58 385
58 428
58 455
58 459
59 183
59 231
59 259
59 301
59 319
59 398
59 513
60 65
60 158
60 308
60 357
60 461
61 161
61 199
62 88
62 114
62 334
62 404
62 459
62 469
62 522
63 126
63 314
63 369
63 501
63 508
63 514
64 120
64 152
64 176
64 206
64 244
64 358
64 425
64 495
65 143
65 177
65 249
65 256
65 408
65 425
66 85
66 166
66 390
66 399
66 475
67 311
67 318
67 340
67 357
67 389
68 274
68 356
68 359
68 367
69 76
69 338
69 488
69 509
70 442
71 108
71 210
71 243
71 494
72 93
72 227
72 305
72 330
72 345
72 357
72 430
72 440
72 442
72 504
73 129
73 201
73 283
73 385
74 146
74 236
74 285
74 428
74 501
74 524
75 91
75 129
75 150
75 360
76 88
76 141
76 302
76 518
77 119
77 314
77 483
77 531
78 83
78 103
78 112
78 134
78 176
78 304
78 327
78 441
78 473
78 502
79 412
79 475
80 134
80 219
80 220
80 224
80 252
80 409
80 412
80 488
80 506
81 84
81 147
81 170
81 423
81 438
81 495
81 518
82 154
82 242
82 361
82 376
82 462
83 239
83 312
84 122
85 96
85 106
86 203
86 238
86 243
86 302
86 356
86 414
86 431
86 475
86 487
86 492
87 258
87 415
87 439
87 528
88 94
88 119
88 145
88 231
88 259
88 293
88 322
88 347
89 233
89 387
89 420
89 426
90 320
90 371
90 483
91 98
91 103
91 135
91 232
91 276
91 389
91 395
91 489
92 94
92 298
92 308
92 360
92 490
93 274
93 278
93 372
93 470
93 475
93 490
94 202
94 266
94 321
95 285
95 390
95 478
95 512
96 126
96 252
96 425
96 450
96 510
97 172
97 278
97 289
97 305
98 308
98 445
99 172
99 219
99 311
99 330
99 431
100 152
100 154
100 179
100 206
100 320
100 380
101 114
101 135
101 332
101 371
101 510
102 403
102 461
103 165
103 217
103 261
103 285
103 318
104 478
105 161
105 245
106 182
106 265
106 333
106 353
106 434
106 467
106 492
107 173
107 413
108 167
108 182
108 296
108 349
109 237
109 412
109 415
109 419
109 467
110 358
111 305
112 191
112 517
113 116
113 266
113 429
113 479
114 137
114 220
114 296
114 485
115 147
115 231
115 302
115 398
115 405
115 411
116 160
116 369
117 156
117 201
117 297
117 309
117 349
117 391
117 407
117 414
117 423
118 177
118 266
118 300
118 317
118 365
118 390
118 475
119 151
119 196
119 459
120 157
120 259
120 273
120 282
120 389
121 209
121 293
121 496
122 143
122 242
122 252
122 298
122 324
122 451
122 454
123 124
123 190
123 262
124 254
124 265
124 338
124 395
124 414
124 429
124 479
124 492
125 259
125 314
125 360
125 369
126 170
126 249
126 385
126 447
126 467
127 143
127 205
127 390
127 415
127 451
127 496
128 242
128 362
128 408
128 449
129 154
129 192
129 222
129 314
129 517
130 261
130 301
130 508
130 513
131 202
131 244
131 340
131 413
132 185
132 344
132 416
132 453
132 472
133 202
133 363
133 494
134 142
134 150
134 283
134 326
134 406
134 518
135 296
135 318
135 510
136 422
136 514
137 515
137 527
138 235
138 262
138 456
138 507
139 140
139 171
139 213
139 318
139 331
139 379
139 400
139 518
139 522
140 170
140 220
141 218
141 372
141 386
142 145
142 243
142 430
142 444
142 463
143 175
143 198
143 512
143 521
144 327
144 444
144 460
144 506
144 509
144 520
145 219
145 264
145 266
145 387
145 461
146 215
146 303
146 352
146 408
146 410
146 472
147 159
147 282
147 433
148 385
148 425
149 174
149 218
149 301
150 211
150 275
150 308
150 324
150 385
150 429
150 489
151 325
151 383
152 156
152 170
152 174
152 233
152 389
152 515
153 176
153 241
153 362
153 454
154 235
154 281
154 428
155 178
155 191
155 197
155 266
155 323
155 353
155 420
155 435
155 504
155 511
156 188
156 191
156 254
156 396
156 440
156 480
157 398
157 414
158 300
159 165
159 207
159 212
159 298
159 334
159 464
160 238
160 414
160 463
160 493
160 521
161 279
161 492
161 499
161 523
162 349
162 369
162 468
162 479
163 264
163 265
163 339
163 442
163 455
164 197
164 389
164 393
164 450
164 512
165 340
165 490
166 232
166 301
167 186
167 370
167 439
167 474
168 211
168 270
168 336
168 415
168 420
168 524
169 258
169 332
169 492
170 214
170 243
170 256
170 260
170 298
170 316
170 321
170 323
171 264
171 320
172 208
172 218
172 240
172 285
172 401
173 368
173 490
173 500
174 203
174 319
174 340
174 357
174 379
174 427
175 217
175 219
175 300
175 446
176 357
176 416
176 484
176 489
177 218
177 320
177 369
177 401
177 420
177 456
177 487
177 488
178 241
178 290
178 442
178 512
179 406
179 477
180 228
181 275
181 350
181 359
181 398
181 419
181 514
182 186
182 192
182 281
182 319
182 320
182 346
182 438
183 220
183 448
183 515
184 329
184 366
184 372
185 335
185 361
185 414
185 467
186 190
186 239
186 243
186 271
186 319
187 228
187 276
187 413
187 516
188 393
188 509
188 524
190 194
190 233
190 333
190 447
190 465
191 211
191 213
191 237
191 362
192 225
192 243
192 531
193 211
193 213
193 258
194 206
194 217
194 429
194 461
195 230
195 334
195 335
195 347
195 459
196 418
196 446
197 208
197 511
198 338
198 339
198 363
198 507
198 518
199 204
199 532
200 242
200 379
200 442
201 272
201 331
201 443
201 472
202 378
202 389
203 281
203 315
203 369
203 435
204 291
204 304
204 420
204 526
205 245
205 271
205 281
205 293
205 305
205 352
205 366
205 467
205 522
206 249
206 334
206 459
207 262
207 334
207 405
207 421
207 509
208 210
208 241
208 379
209 293
209 296
209 408
209 486
209 504
210 264
210 434
210 491
210 529
211 373
212 223
212 339
212 348
212 386
212 421
213 223
213 253
213 278
213 294
213 431
213 471
214 374
214 380
215 251
215 305
215 307
215 336
215 365
215 404
215 487
215 514
217 259
217 352
217 413
217 490
217 496
217 506
218 351
218 395
219 225
219 430
220 226
220 281
220 345
221 227
221 489
221 531
222 252
222 275
222 279
222 314
222 475
222 512
223 306
223 350
223 383
224 329
225 326
225 348
225 358
226 411
226 445
226 448
226 526
227 238
227 366
227 429
227 466
227 467
228 381
228 508
228 518
229 235
229 461
230 234
230 262
230 448
230 492
231 246
231 279
231 314
231 318
231 353
231 483
232 414
233 327
233 348
233 349
233 370
233 384
233 398
233 500
234 282
234 400
234 481
235 262
235 270
235 308
235 329
235 457
235 521
235 524
236 272
236 379
236 468
237 370
237 411
237 525
238 242
238 281
238 332
238 379
238 436
239 254
240 338
240 403
240 413
240 456
240 504
240 515
241 264
241 486
242 358
242 476
243 246
243 403
244 269
244 299
244 440
245 356
245 364
245 425
246 288
246 429
246 443
247 320
247 323
247 364
247 375
247 400
247 525
248 424
249 338
249 339
249 400
249 450
250 359
251 427
252 302
252 473
254 264
254 267
254 476
254 491
254 532
255 271
255 326
255 350
255 425
255 436
255 454
256 259
256 327
256 376
256 388
256 402
256 523
257 358
257 416
258 371
259 349
259 394
259 443
259 482
260 380
260 412
260 505
261 264
262 341
263 355
263 371
263 410
263 508
263 521
264 359
265 275
265 531
266 355
266 408
266 436
266 494
267 360
267 430
267 484
267 490
268 426
268 495
268 502
268 505
269 275
269 339
269 497
270 284
270 392
270 419
270 426
270 449
271 361
271 369
271 400
272 362
273 354
273 517
274 323
275 335
275 500
276 380
277 314
277 316
277 463
278 336
278 465
279 327
279 339
280 373
280 391
280 394
280 471
281 317
281 357
281 408
281 517
282 302
282 476
284 337
284 420
285 322
286 439
287 352
287 387
287 472
288 294
288 303
288 330
288 406
288 454
288 463
289 355
289 372
289 394
289 470
290 479
290 480
290 486
290 524
291 321
291 393
291 422
291 457
291 492
292 371
292 505
292 523
294 359
294 397
295 426
295 527
295 530
296 340
297 365
297 386
297 440
297 495
298 355
298 483
299 339
299 492
300 337
300 386
300 455
301 415
301 447
302 419
302 420
302 434
302 479
303 474
304 383
304 384
304 438
304 442
304 506
304 532
305 381
305 474
306 391
307 359
307 471
307 517
308 401
308 405
308 452
309 388
309 407
309 411
309 421
309 449
310 361
311 336
311 528
312 321
312 388
312 410
312 414
312 415
312 525
313 348
313 417
313 436
313 460
313 483
313 494
313 519
314 472
314 495
315 464
315 530
316 328
316 362
316 528
317 390
317 457
317 518
318 468
318 504
318 520
318 528
319 379
319 463
319 526
320 351
320 497
321 397
321 458
323 490
324 409
324 414
324 437
324 440
324 447
325 408
325 446
326 351
326 501
327 459
328 421
329 373
329 527
330 423
330 466
331 383
331 398
332 507
333 407
333 501
334 341
334 359
334 401
334 490
334 503
335 362
335 456
335 494
335 503
335 529
336 434
336 472
337 461
338 365
338 395
338 435
339 370
339 386
339 420
340 344
340 377
340 457
340 493
340 522
340 524
341 346
341 435
341 494
342 388
342 526
343 383
343 394
343 493
344 364
345 367
345 504
346 486
347 516
348 397
350 367
350 383
350 401
350 498
352 386
353 358
353 374
353 515
354 434
355 476
357 413
357 420
357 441
358 380
358 424
358 461
358 471
360 384
360 455
360 529
362 428
364 378
364 380
364 387
364 477
365 462
367 422
367 460
367 513
367 519
368 386
370 422
370 437
370 498
371 394
371 420
371 443
372 385
372 463
373 395
373 449
373 470
374 420
375 416
375 441
375 519
376 501
377 395
377 409
377 443
377 507
378 399
378 503
379 392
379 398
379 419
380 444
380 475
380 484
381 453
381 476
381 514
382 517
383 473
384 424
384 464
384 495
385 422
385 484
387 406
387 425
387 462
387 485
388 453
389 392
389 520
389 522
390 395
390 407
390 451
390 521
391 418
391 471
392 416
394 454
394 457
394 482
395 521
396 413
397 493
397 512
398 466
399 424
399 426
400 495
401 419
401 435
402 468
404 428
404 451
404 526
405 407
405 456
406 426
406 459
406 503
406 530
407 489
410 481
410 482
411 450
411 528
412 529
413 428
413 474
413 497
414 446
414 464
414 502
415 447
415 495
416 476
416 532
417 507
418 480
418 517
419 519
420 432
421 461
424 511
424 515
424 530
425 428
426 434
426 515
427 444
428 441
428 531
429 437
430 467
433 445
433 498
434 477
434 524
435 438
437 506
439 520
440 450
441 454
441 521
442 464
442 513
443 449
444 474
444 489
444 532
448 469
453 465
455 504
455 506
455 515
456 493
456 509
457 479
461 474
462 490
464 470
469 530
471 514
472 514
474 509
474 532
477 524
487 500
490 519
493 522
494 527
496 527
498 500
502 522
505 512
510 514
514 524
518 530
524 531
533 208
533 534
533 535
533 536
534 527
534 535
534 536
535 33
535 536
536 101
