574 2279
0 1
0 2
0 3
0 4
0 5
0 6
0 7
0 8
0 9
0 10
0 11
0 12
0 13
0 14
0 15
0 16
0 17
0 18
0 19
0 20
0 21
0 22
0 23
0 24
0 25
0 26
0 27
0 28
0 29
0 30
0 31
0 32
0 33
0 34
0 35
0 36
0 37
0 38
0 39
0 40
0 41
0 42
0 43
0 44
0 45
0 46
0 47
0 48
0 49
0 50
0 51
0 52
0 53
0 54
0 55
0 56
0 57
0 58
0 59
0 60
0 61
0 62
0 63
0 64
0 65
0 66
0 67
0 68
0 69
0 70
0 71
0 72
0 73
0 74
0 75
0 76
0 77
0 78
0 79
0 80
0 81
0 82
0 83
0 84
0 85
0 86
0 87
0 88
0 89
0 90
0 91
0 92
0 93
0 94
0 95
0 96
0 97
0 98
0 99
0 100
0 101
0 102
0 103
0 104
0 105
0 106
0 107
0 108
0 109
0 110
0 111
0 112
0 113
0 114
0 115
0 116
0 117
0 118
0 119
0 120
0 121
0 122
0 123
0 124
0 125
0 126
0 127
0 128
0 129
0 130
0 131
0 132
0 133
0 134
0 135
0 136
0 137
0 138
0 139
0 140
0 141
0 142
0 143
0 144
0 145
0 146
0 147
0 148
0 149
0 150
0 151
0 152
0 153
0 154
0 155
0 156
0 157
0 158
0 159
0 160
0 161
0 162
0 163
0 164
0 165
0 166
0 167
0 168
0 169
0 170
0 171
0 172
0 173
0 174
0 175
0 176
0 177
0 178
0 179
0 180
0 181
0 182
0 183
0 184
0 185
0 186
0 187
0 188
0 189
0 190
0 191
0 192
0 193
0 194
0 195
0 196
0 197
0 198
0 199
0 200
0 201
0 202
0 203
0 204
0 205
0 206
0 207
0 208
0 209
0 210
0 211
0 212
0 213
0 214
0 215
0 216
0 217
0 218
0 219
0 220
0 221
0 222
0 223
0 224
0 225
0 226
0 227
0 228
0 229
0 230
0 231
0 232
0 233
0 234
0 235
0 236
0 237
0 238
0 239
0 240
0 241
0 242
0 243
0 244
0 245
0 246
0 247
0 248
0 249
0 250
0 251
0 252
0 253
0 254
0 255
0 256
0 257
0 258
0 259
0 260
0 261
0 262
0 263
0 264
0 265
0 266
0 267
0 268
0 269
0 270
0 271
0 272
0 273
0 274
0 275
0 276
0 277
0 278
0 279
0 280
0 281
0 282
0 283
0 284
0 285
0 286
0 287
0 288
0 289
0 290
0 291
0 292
0 293
0 294
0 295
0 296
0 297
0 298
0 299
0 300
0 301
0 302
0 303
0 304
0 305
0 306
0 307
0 308
0 309
0 310
0 311
0 312
0 313
0 314
0 315
0 316
0 317
0 318
0 319
0 320
0 321
0 322
0 323
0 324
0 325
0 326
0 327
0 328
0 329
0 330
0 331
0 332
0 333
0 334
0 335
0 336
0 337
0 338
0 339
0 340
0 341
0 342
0 343
0 344
0 345
0 346
0 347
0 348
0 349
0 350
0 351
0 352
0 353
0 354
0 355
0 356
0 357
0 358
0 359
0 360
0 361
0 362
0 363
0 364
0 365
0 366
0 367
0 368
0 369
0 370
0 371
0 372
0 373
0 374
0 375
0 376
0 377
0 378
0 379
0 380
0 381
0 382
0 383
0 384
0 385
0 386
0 387
0 388
0 389
0 390
0 391
0 392
0 393
0 394
0 395
0 396
0 397
0 398
0 399
0 400
0 401
0 402
0 403
0 404
0 405
0 406
0 407
0 408
0 409
0 410
0 411
0 412
0 413
0 414
0 415
0 416
0 417
0 418
0 419
0 420
0 421
0 422
0 423
0 424
0 425
0 426
0 427
0 428
0 429
0 430
0 431
0 432
0 433
0 434
0 435
0 436
0 437
0 438
0 439
0 440
0 441
0 442
0 443
0 444
0 445
0 446
0 447
0 448
0 449
0 450
0 451
0 452
0 453
0 454
0 455
0 456
0 457
0 458
0 459
0 460
0 461
0 462
0 463
0 464
0 465
0 466
0 467
0 468
0 469
0 470
0 471
0 472
0 473
0 474
0 475
0 476
0 477
0 478
0 479
0 480
0 481
0 482
0 483
0 484
0 485
0 486
0 487
0 488
0 489
0 490
0 491
0 492
0 493
0 494
0 495
0 496
0 497
0 498
0 499
0 500
0 501
0 502
0 503
0 504
0 505
0 506
0 507
0 508
0 509
0 510
0 511
0 512
0 513
0 514
0 515
0 516
0 517
0 518
0 519
0 520
0 521
0 522
0 523
0 524
0 525
0 526
0 527
0 528
0 529
0 530
0 531
0 532
0 533
0 534
0 535
0 536
0 537
0 538
0 539
0 540
0 541
0 542
0 543
0 544
0 545
0 546
0 547
0 548
0 549
0 550
0 551
0 552
0 553
0 554
0 555
0 556
0 557
0 558
0 559
0 560
0 561
0 562
0 563
0 564
0 565
0 566
0 567
0 568
0 569
1 131
1 166
1 197
1 208
2 110
2 158
2 217
2 386
2 429
2 493
2 521
2 538
3 173
3 381
3 390
4 140
4 218
4 470
5 22
5 165
5 302
5 367
5 376
6 84
6 93
6 188
6 293
6 387
6 453
6 489
6 515
7 21
7 36
7 63
7 261
7 324
7 403
7 481
7 489
7 528
7 562
8 27
8 85
8 110
8 125
8 263
8 463
8 500
9 158
9 327
9 364
9 374
9 400
9 418
10 75
10 81
10 100
10 209
10 228
10 368
10 391
10 429
10 532
11 34
11 40
11 67
11 85
11 115
11 140
11 200
11 271
11 426
12 64
12 155
12 410
12 517
12 553
13 103
13 210
13 232
13 273
13 425
13 459
13 537
14 203
14 315
14 319
14 320
14 564
15 117
15 127
15 175
15 254
15 399
15 430
15 433
15 524
16 20
16 145
16 363
17 76
17 142
17 474
17 534
18 88
18 328
18 412
18 425
19 30
19 68
19 137
19 313
19 402
19 432
19 520
20 283
20 318
20 324
20 392
20 464
21 45
21 106
21 467
21 543
22 66
22 227
22 314
22 479
23 56
23 232
23 239
23 324
23 390
23 418
23 492
23 566
24 78
24 100
24 331
24 404
24 407
25 86
25 143
25 158
25 191
25 298
25 340
25 527
26 75
26 106
26 115
26 162
26 173
26 284
26 329
26 503
27 264
27 289
27 324
27 381
27 397
27 398
28 117
28 131
28 184
28 348
28 374
28 417
28 457
28 485
29 59
29 132
29 149
29 151
29 165
29 216
29 232
29 444
29 459
30 45
30 84
30 251
30 253
30 313
30 343
30 354
30 396
30 441
31 74
31 86
31 152
31 158
31 358
32 158
32 270
32 404
32 419
33 100
33 375
33 397
33 407
33 464
34 136
34 198
34 216
34 512
35 144
35 229
35 347
35 387
35 420
35 503
36 71
36 259
36 428
36 545
37 59
37 190
37 382
37 413
37 429
37 487
37 527
37 560
38 83
38 148
38 170
38 323
38 408
38 504
39 239
39 312
39 449
39 504
39 564
40 184
40 222
40 326
40 353
40 465
40 528
41 103
41 144
41 160
41 223
41 289
42 145
42 292
42 305
42 436
42 450
42 454
43 287
43 386
43 493
43 557
44 99
44 181
44 265
44 273
44 285
44 543
45 298
45 318
45 406
45 528
45 530
46 79
46 301
46 369
46 409
46 420
46 512
47 140
47 152
47 306
47 336
47 434
47 533
48 109
48 223
48 388
48 390
48 437
48 443
48 448
48 498
48 503
48 505
49 117
49 145
49 150
49 404
49 475
49 487
49 508
49 532
50 184
50 195
50 262
50 276
50 535
50 551
51 134
51 223
51 320
52 136
52 344
52 461
53 239
53 303
53 509
53 524
53 533
53 540
54 120
54 305
54 358
54 380
54 405
54 408
54 423
55 93
55 155
55 177
55 191
55 246
55 324
55 492
56 58
56 386
56 477
56 482
56 496
56 498
56 513
57 74
57 97
57 107
57 125
57 196
57 242
57 373
57 382
57 402
57 506
57 523
58 289
58 326
58 468
59 153
59 156
59 261
59 405
60 109
60 151
60 304
60 325
60 329
60 353
60 357
60 448
61 121
61 262
61 275
61 285
61 301
61 529
62 141
62 395
62 484
62 497
63 134
63 454
64 195
64 278
64 334
64 390
64 511
64 569
65 117
65 139
65 253
65 419
65 491
66 116
66 146
66 246
66 247
66 267
66 399
66 471
66 500
66 549
67 344
67 551
68 69
68 92
68 120
68 279
68 391
69 424
69 447
70 231
70 342
71 272
71 285
71 301
71 303
71 332
71 447
72 154
72 158
72 355
72 443
72 461
72 522
72 560
73 89
73 164
73 168
73 178
73 192
73 260
73 399
73 404
73 491
74 174
74 187
74 338
74 520
74 568
75 78
75 84
75 124
75 127
75 210
75 268
75 279
75 501
75 546
76 241
76 299
76 364
76 424
76 440
76 468
76 560
77 315
77 440
78 296
78 450
78 459
78 493
78 520
78 530
79 105
79 336
79 388
79 455
79 461
79 506
80 86
80 98
80 123
80 351
80 474
81 106
81 379
82 141
82 284
82 315
82 414
83 169
83 442
83 457
83 495
83 521
83 551
84 144
84 182
84 225
84 407
84 509
84 531
85 356
85 424
85 430
85 446
86 196
86 344
86 373
86 403
86 417
86 419
87 307
87 333
87 386
88 113
88 123
88 198
88 226
88 293
88 337
88 408
88 569
89 190
89 271
89 509
90 389
90 527
91 193
91 233
91 283
91 355
91 363
91 552
92 189
92 220
92 222
92 232
92 249
92 398
92 431
93 199
93 339
94 150
94 169
94 200
94 376
94 379
95 115
95 253
95 271
95 350
95 380
95 507
96 113
96 157
96 267
96 322
96 461
96 488
97 156
97 174
97 176
97 228
97 293
97 315
97 485
98 133
98 169
98 337
98 465
98 516
99 135
99 285
99 370
100 182
100 207
100 456
100 491
100 510
101 221
101 281
101 305
101 310
101 322
101 392
101 411
101 421
101 517
101 558
102 337
103 106
103 352
103 362
103 470
104 238
104 262
104 282
104 298
104 553
105 132
105 156
105 249
105 259
105 318
105 333
105 389
105 402
105 419
106 110
106 228
107 184
107 221
107 286
107 392
108 498
108 554
109 160
109 316
109 379
109 429
109 488
109 524
109 559
109 563
110 446
111 205
111 528
112 181
112 539
113 124
113 125
113 260
113 439
114 259
114 446
114 466
114 510
115 202
115 225
115 302
115 318
115 365
115 394
115 546
116 197
116 228
116 324
116 438
116 493
117 247
117 298
117 401
117 426
117 517
118 135
118 197
118 271
118 302
118 482
118 497
119 217
119 373
119 407
119 489
120 242
120 403
121 126
121 165
121 185
121 282
121 370
121 378
121 548
122 192
122 220
122 381
122 478
122 556
123 157
123 217
123 561
124 235
124 307
124 480
124 520
124 561
125 379
126 180
126 244
126 558
127 133
127 178
127 492
127 558
128 129
128 130
128 190
128 207
128 280
128 323
128 438
128 506
129 147
129 179
129 282
129 340
129 405
129 512
130 201
130 280
130 293
130 325
130 413
131 174
131 259
131 564
132 305
132 541
133 238
133 254
133 373
133 384
133 387
134 248
134 269
134 488
134 525
135 217
135 234
135 384
136 208
136 263
136 514
137 168
137 172
137 346
137 525
137 527
137 566
138 199
138 326
138 376
138 481
138 520
139 152
139 156
139 174
139 183
139 337
139 495
140 167
140 189
140 204
140 291
140 337
140 340
140 521
140 559
141 368
142 290
142 371
142 372
142 419
142 546
143 149
143 154
143 268
143 269
143 274
143 349
143 550
144 314
144 447
144 543
145 452
145 556
146 167
146 246
146 293
146 330
146 449
146 463
147 303
147 411
148 224
148 352
148 369
148 512
148 531
148 540
148 559
149 217
149 287
149 325
149 467
149 488
150 153
150 158
150 263
150 279
150 307
150 346
150 409
150 423
150 481
151 175
151 343
151 413
151 419
151 513
151 523
152 203
152 385
152 404
152 518
153 366
153 456
153 495
154 165
154 166
154 237
154 316
154 371
154 460
154 476
155 191
155 254
155 440
156 194
156 232
156 262
156 298
156 401
156 453
156 551
157 158
157 196
157 344
157 499
158 177
158 518
159 269
159 297
159 316
159 415
160 241
160 299
160 322
160 407
160 457
161 167
161 261
161 272
161 312
162 228
162 263
162 514
163 265
163 382
163 391
163 500
164 519
165 204
165 222
165 231
165 305
165 338
165 339
165 373
165 506
166 433
166 467
166 509
167 241
167 300
167 390
168 294
168 341
168 387
168 419
168 424
168 433
168 506
168 557
169 181
170 239
170 244
170 411
170 442
170 542
171 412
171 495
171 544
172 174
172 269
172 328
172 335
172 529
173 243
173 283
173 319
173 321
173 537
174 202
174 266
174 327
174 542
174 543
175 229
175 241
175 406
175 436
176 372
176 435
176 537
177 250
177 275
177 313
177 485
177 494
178 194
178 204
178 219
178 312
178 514
178 526
178 541
179 222
179 296
179 344
179 526
180 565
181 331
181 377
182 356
182 477
183 217
183 230
183 236
183 324
183 362
183 391
183 427
183 526
183 527
183 547
184 361
184 558
185 265
185 303
186 240
186 292
187 319
187 537
188 423
188 526
189 282
189 303
189 313
189 349
190 481
191 249
191 260
191 370
191 434
191 439
191 448
191 524
192 239
192 309
192 470
193 265
193 274
193 350
193 378
193 514
193 549
194 291
194 423
194 490
194 494
194 551
194 562
195 205
195 266
195 329
195 452
195 532
195 564
196 244
196 285
196 288
196 405
196 445
197 354
198 243
198 379
198 499
198 544
198 550
199 271
199 491
199 497
200 346
200 496
201 272
201 279
201 377
201 493
202 295
202 344
203 299
203 339
203 347
203 409
203 509
204 239
204 248
204 356
204 401
205 366
205 380
205 397
205 485
205 516
206 349
207 532
207 559
208 232
208 436
208 467
208 514
208 541
209 562
210 273
210 530
210 535
211 243
211 265
211 290
211 372
211 396
211 413
211 543
212 298
212 349
212 393
212 424
213 263
213 305
213 512
213 549
214 284
214 337
214 352
214 426
214 531
215 301
215 463
216 236
216 289
216 292
216 302
216 331
216 381
216 439
216 515
217 230
217 391
217 473
217 516
218 424
218 447
219 466
219 471
221 239
221 381
222 374
222 538
223 277
223 415
223 450
223 489
223 537
223 566
224 341
224 519
224 551
224 566
226 381
226 449
227 275
227 331
228 236
228 462
228 470
228 475
228 567
229 391
229 533
230 371
230 439
230 475
230 485
230 495
230 535
231 353
231 360
231 391
232 366
232 454
233 278
233 356
233 404
233 559
234 509
234 518
235 290
235 335
235 346
235 533
236 245
236 250
237 291
237 318
237 338
237 563
238 288
238 363
238 368
239 359
239 386
240 296
240 512
241 272
242 334
242 347
242 469
242 471
242 489
242 551
242 561
243 532
243 548
244 284
244 463
245 253
245 305
245 430
245 442
245 454
246 360
246 389
247 296
247 446
247 493
247 509
248 437
248 489
249 312
250 407
250 462
251 297
251 310
251 342
251 436
252 263
252 270
252 339
252 537
253 293
253 563
254 275
254 308
254 419
254 432
254 455
254 560
256 260
256 286
256 423
256 425
256 466
257 403
259 361
259 449
259 472
259 554
260 301
260 314
260 363
260 448
260 454
261 363
261 421
261 507
261 547
261 568
262 343
262 381
262 466
262 543
263 289
263 316
263 442
263 449
264 316
264 361
264 390
264 427
264 454
264 543
265 353
265 365
265 482
266 289
266 315
266 331
266 336
266 562
267 283
267 453
267 532
267 556
268 292
268 302
268 303
268 387
268 407
268 452
268 559
269 448
269 522
269 525
269 539
269 563
270 313
270 318
270 480
270 515
272 384
273 297
273 312
273 355
273 519
273 557
274 288
274 302
274 516
274 529
275 286
275 301
275 438
275 444
276 361
276 364
276 441
276 466
277 305
277 381
277 444
277 556
277 565
278 343
278 540
279 423
279 450
279 512
279 527
279 554
280 411
283 377
283 399
283 443
283 494
283 517
283 567
284 316
284 430
284 496
284 531
285 324
285 370
285 421
285 513
286 435
287 353
287 392
287 434
287 475
287 557
288 408
288 452
288 564
289 334
289 445
290 317
290 394
290 403
291 297
291 304
291 319
291 349
291 408
291 412
291 511
291 559
292 317
292 565
293 295
293 321
293 421
293 442
293 501
293 522
294 310
294 355
294 425
294 520
295 361
297 328
297 440
297 503
298 375
298 431
298 517
298 563
300 428
300 465
300 552
301 362
301 478
301 532
302 337
302 400
302 426
302 453
302 472
303 459
304 388
304 479
304 503
304 527
305 357
305 491
305 539
305 556
306 399
306 452
306 523
307 338
307 376
307 423
308 357
308 462
308 495
308 499
309 337
309 339
309 430
309 523
310 352
311 356
311 549
312 481
313 316
313 444
314 416
314 419
314 426
314 567
315 358
315 536
315 550
315 564
316 330
316 404
316 474
316 532
317 335
317 421
317 447
317 504
319 365
319 532
319 553
320 369
320 474
320 482
320 499
322 369
322 371
322 447
323 427
323 437
323 515
324 394
324 459
324 511
324 515
325 342
325 394
325 471
325 479
325 537
325 550
326 413
327 333
327 461
327 479
327 544
328 442
328 449
329 378
329 459
329 463
330 459
330 464
330 465
330 466
331 503
331 519
332 399
332 567
333 446
333 546
334 342
335 365
335 409
335 475
336 383
336 386
336 409
336 431
336 506
336 549
338 372
338 401
338 413
338 472
338 506
339 374
339 439
339 480
340 388
340 402
340 412
340 490
341 376
341 454
341 468
341 543
342 345
342 388
342 405
343 365
343 395
343 484
343 530
344 481
344 521
344 532
345 347
345 377
345 410
345 461
345 471
346 398
346 409
346 496
347 368
347 445
347 495
348 489
349 378
349 379
349 398
349 433
349 477
349 522
350 393
351 525
351 543
351 554
352 455
352 523
352 542
353 505
354 380
354 527
354 547
354 560
355 439
357 421
357 463
358 407
358 472
358 497
358 520
358 539
358 564
359 400
359 432
359 439
360 450
361 440
361 469
361 536
361 554
362 488
362 549
363 431
363 434
363 539
364 414
364 415
364 510
365 376
365 490
366 398
366 556
367 388
367 397
369 434
371 403
371 441
371 462
372 397
372 444
373 436
374 427
375 399
375 557
376 422
376 514
376 529
376 557
378 434
378 507
379 478
379 499
380 427
380 457
381 454
381 500
381 543
381 555
382 450
383 426
383 495
384 424
384 469
384 565
385 389
385 468
385 566
386 530
387 510
387 537
388 445
389 473
390 391
390 437
390 503
391 409
393 564
394 396
394 550
395 406
395 411
395 508
396 405
396 446
396 449
396 473
397 413
397 541
398 516
399 467
399 518
400 432
400 471
401 440
402 532
403 466
403 492
404 447
404 455
405 425
406 563
407 544
408 513
409 481
410 497
410 530
411 426
412 456
412 499
412 564
413 462
413 478
413 552
414 422
414 440
414 446
414 506
414 512
414 533
415 473
415 515
415 557
416 475
417 440
417 529
417 551
418 461
419 533
419 562
420 560
422 451
422 541
422 561
423 491
423 493
423 551
424 460
424 472
424 499
426 457
427 530
430 500
430 507
432 458
432 474
432 511
432 545
434 448
435 507
435 508
436 508
436 512
438 455
438 491
439 471
441 471
441 495
445 485
446 529
447 509
450 482
450 504
452 469
453 456
453 479
453 539
453 564
456 459
456 567
457 475
457 483
457 543
458 486
459 480
460 538
461 508
462 565
464 476
466 553
467 485
467 538
468 543
469 470
469 521
469 542
470 549
471 526
473 484
474 531
476 525
477 486
479 519
480 569
483 486
483 538
484 505
485 511
485 527
485 535
486 503
487 560
489 517
490 501
491 509
491 522
492 494
495 517
495 559
497 501
498 503
499 531
499 547
501 525
503 526
504 535
507 512
508 555
509 524
513 534
515 530
516 517
519 541
525 554
534 543
550 562
554 566
561 563
570 553
570 571
570 572
570 573
571 369
571 572
571 573
572 463
572 573
573 323
