685 2722
0 1
0 2
0 3
0 4
0 5
0 6
0 7
0 8
0 9
0 10
0 11
0 12
0 13
0 14
0 15
0 16
0 17
0 18
0 19
0 20
0 21
0 22
0 23
0 24
0 25
0 26
0 27
0 28
0 29
0 30
0 31
0 32
0 33
0 34
0 35
0 36
0 37
0 38
0 39
0 40
0 41
0 42
0 43
0 44
0 45
0 46
0 47
0 48
0 49
0 50
0 51
0 52
0 53
0 54
0 55
0 56
0 57
0 58
0 59
0 60
0 61
0 62
0 63
0 64
0 65
0 66
0 67
0 68
0 69
0 70
0 71
0 72
0 73
0 74
0 75
0 76
0 77
0 78
0 79
0 80
0 81
0 82
0 83
0 84
0 85
0 86
0 87
0 88
0 89
0 90
0 91
0 92
0 93
0 94
0 95
0 96
0 97
0 98
0 99
0 100
0 101
0 102
0 103
0 104
0 105
0 106
0 107
0 108
0 109
0 110
0 111
0 112
0 113
0 114
0 115
0 116
0 117
0 118
0 119
0 120
0 121
0 122
0 123
0 124
0 125
0 126
0 127
0 128
0 129
0 130
0 131
0 132
0 133
0 134
0 135
0 136
0 137
0 138
0 139
0 140
0 141
0 142
0 143
0 144
0 145
0 146
0 147
0 148
0 149
0 150
0 151
0 152
0 153
0 154
0 155
0 156
0 157
0 158
0 159
0 160
0 161
0 162
0 163
0 164
0 165
0 166
0 167
0 168
0 169
0 170
0 171
0 172
0 173
0 174
0 175
0 176
0 177
0 178
0 179
0 180
0 181
0 182
0 183
0 184
0 185
0 186
0 187
0 188
0 189
0 190
0 191
0 192
0 193
0 194
0 195
0 196
0 197
0 198
0 199
0 200
0 201
0 202
0 203
0 204
0 205
0 206
0 207
0 208
0 209
0 210
0 211
0 212
0 213
0 214
0 215
0 216
0 217
0 218
0 219
0 220
0 221
0 222
0 223
0 224
0 225
0 226
0 227
0 228
0 229
0 230
0 231
0 232
0 233
0 234
0 235
0 236
0 237
0 238
0 239
0 240
0 241
0 242
0 243
0 244
0 245
0 246
0 247
0 248
0 249
0 250
0 251
0 252
0 253
0 254
0 255
0 256
0 257
0 258
0 259
0 260
0 261
0 262
0 263
0 264
0 265
0 266
0 267
0 268
0 269
0 270
0 271
0 272
0 273
0 274
0 275
0 276
0 277
0 278
0 279
0 280
0 281
0 282
0 283
0 284
0 285
0 286
0 287
0 288
0 289
0 290
0 291
0 292
0 293
0 294
0 295
0 296
0 297
0 298
0 299
0 300
0 301
0 302
0 303
0 304
0 305
0 306
0 307
0 308
0 309
0 310
0 311
0 312
0 313
0 314
0 315
0 316
0 317
0 318
0 319
0 320
0 321
0 322
0 323
0 324
0 325
0 326
0 327
0 328
0 329
0 330
0 331
0 332
0 333
0 334
0 335
0 336
0 337
0 338
0 339
0 340
0 341
0 342
0 343
0 344
0 345
0 346
0 347
0 348
0 349
0 350
0 351
0 352
0 353
0 354
0 355
0 356
0 357
0 358
0 359
0 360
0 361
0 362
0 363
0 364
0 365
0 366
0 367
0 368
0 369
0 370
0 371
0 372
0 373
0 374
0 375
0 376
0 377
0 378
0 379
0 380
0 381
0 382
0 383
0 384
0 385
0 386
0 387
0 388
0 389
0 390
0 391
0 392
0 393
0 394
0 395
0 396
0 397
0 398
0 399
0 400
0 401
0 402
0 403
0 404
0 405
0 406
0 407
0 408
0 409
0 410
0 411
0 412
0 413
0 414
0 415
0 416
0 417
0 418
0 419
0 420
0 421
0 422
0 423
0 424
0 425
0 426
0 427
0 428
0 429
0 430
0 431
0 432
0 433
0 434
0 435
0 436
0 437
0 438
0 439
0 440
0 441
0 442
0 443
0 444
0 445
0 446
0 447
0 448
0 449
0 450
0 451
0 452
0 453
0 454
0 455
0 456
0 457
0 458
0 459
0 460
0 461
0 462
0 463
0 464
0 465
0 466
0 467
0 468
0 469
0 470
0 471
0 472
0 473
0 474
0 475
0 476
0 477
0 478
0 479
0 480
0 481
0 482
0 483
0 484
0 485
0 486
0 487
0 488
0 489
0 490
0 491
0 492
0 493
0 494
0 495
0 496
0 497
0 498
0 499
0 500
0 501
0 502
0 503
0 504
0 505
0 506
0 507
0 508
0 509
0 510
0 511
0 512
0 513
0 514
0 515
0 516
0 517
0 518
0 519
0 520
0 521
0 522
0 523
0 524
0 525
0 526
0 527
0 528
0 529
0 530
0 531
0 532
0 533
0 534
0 535
0 536
0 537
0 538
0 539
0 540
0 541
0 542
0 543
0 544
0 545
0 546
0 547
0 548
0 549
0 550
0 551
0 552
0 553
0 554
0 555
0 556
0 557
0 558
0 559
0 560
0 561
0 562
0 563
0 564
0 565
0 566
0 567
0 568
0 569
0 570
0 571
0 572
0 573
0 574
0 575
0 576
0 577
0 578
0 579
0 580
0 581
0 582
0 583
0 584
0 585
0 586
0 587
0 588
0 589
0 590
0 591
0 592
0 593
0 594
0 595
0 596
0 597
0 598
0 599
0 600
0 601
0 602
0 603
0 604
0 605
0 606
0 607
0 608
0 609
0 610
0 611
0 612
0 613
0 614
0 615
0 616
0 617
0 618
0 619
0 620
0 621
0 622
0 623
0 624
0 625
0 626
0 627
0 628
0 629
0 630
0 631
0 632
0 633
0 634
0 635
0 636
0 637
0 638
0 639
0 640
0 641
0 642
0 643
0 644
0 645
0 646
0 647
0 648
0 649
0 650
0 651
0 652
0 653
0 654
0 655
0 656
0 657
0 658
0 659
0 660
0 661
0 662
0 663
0 664
0 665
0 666
0 667
0 668
0 669
0 670
0 671
0 672
0 673
0 674
0 675
0 676
0 677
0 678
0 679
0 680
1 93
1 130
1 149
1 478
1 574
1 585
1 650
2 417
3 96
3 258
4 103
4 168
4 203
4 237
4 421
5 76
5 119
5 182
5 185
5 206
5 232
5 468
5 493
5 569
6 118
6 304
6 314
6 315
6 407
6 424
6 489
6 595
7 90
7 234
7 552
7 608
8 106
8 107
8 110
8 365
8 411
8 468
8 576
9 314
9 418
9 509
10 19
10 70
10 130
10 306
10 378
11 201
11 245
11 322
11 532
11 560
11 598
12 358
12 396
12 652
13 17
13 66
13 184
13 649
14 315
14 388
14 492
14 566
14 671
15 96
15 138
15 163
15 203
15 347
15 507
15 591
16 108
16 207
16 428
16 613
16 642
16 658
17 18
17 35
17 38
17 129
17 281
17 566
17 612
18 105
18 192
18 332
18 417
18 440
18 460
18 480
18 481
18 546
18 611
19 29
19 129
19 133
19 558
20 40
20 61
20 150
20 316
20 570
22 87
22 100
22 111
22 197
22 255
22 294
22 346
22 566
23 322
24 26
24 55
24 168
24 372
24 408
24 412
24 568
25 314
25 432
26 70
26 72
26 372
26 436
26 458
27 67
27 295
27 591
28 53
28 127
28 266
28 274
28 285
28 289
28 413
28 609
29 185
29 231
29 261
29 308
29 368
29 378
29 431
29 639
30 77
30 382
30 450
30 633
30 663
30 669
31 185
31 186
31 190
31 235
31 281
31 517
31 565
31 669
32 50
32 69
32 78
32 191
32 531
33 110
33 162
33 269
33 430
33 590
34 291
34 305
34 320
34 341
34 345
34 563
34 626
34 634
35 101
35 160
35 176
35 380
35 561
35 632
36 67
36 360
36 463
36 626
37 92
37 158
37 381
37 407
37 546
38 71
38 233
38 322
38 394
38 541
38 592
38 641
38 655
39 73
39 104
39 246
39 395
39 515
39 612
40 79
40 84
40 192
40 452
40 538
40 558
41 66
41 153
41 217
41 476
41 535
42 167
42 243
42 345
42 449
42 597
43 73
43 160
43 168
43 293
43 313
43 495
43 595
43 644
43 661
44 71
44 108
44 158
44 343
44 424
45 260
45 305
45 553
45 570
46 349
46 406
46 440
46 490
47 128
47 301
47 389
47 398
48 219
48 257
48 290
48 418
48 433
48 539
48 542
48 616
49 216
49 546
49 587
49 606
50 343
50 358
50 426
50 593
50 616
50 647
51 276
51 412
51 614
52 163
52 195
52 273
52 351
52 511
52 609
53 103
53 132
53 305
53 509
53 542
53 595
53 596
53 658
54 326
54 478
55 77
55 217
55 233
55 497
55 543
55 655
56 111
56 121
56 135
56 396
56 468
56 475
57 153
57 202
57 320
57 416
57 446
57 465
57 467
57 479
57 573
57 634
57 677
57 679
58 84
58 255
58 265
58 521
58 582
59 123
59 158
59 260
59 386
59 395
59 405
59 445
59 519
59 535
59 617
60 390
60 496
61 97
61 122
61 262
61 308
61 406
61 412
61 519
61 576
62 72
62 82
62 113
62 310
62 319
62 536
63 230
64 83
64 153
64 167
64 203
64 262
64 273
64 275
64 390
64 649
64 663
64 673
65 137
65 416
65 642
66 151
66 192
66 447
66 599
66 628
67 157
67 198
67 206
67 338
67 422
67 447
67 511
68 324
68 399
69 343
69 594
70 171
70 178
70 217
70 442
70 602
70 650
71 166
71 316
71 496
72 132
72 141
72 148
72 259
72 261
72 295
72 488
73 257
73 272
73 374
73 656
75 93
75 143
75 157
75 495
75 522
76 259
76 327
76 461
76 497
76 624
77 97
77 233
77 259
77 368
77 398
77 484
77 569
77 599
77 651
78 97
78 292
78 447
78 620
79 268
79 324
80 83
80 109
80 233
80 281
80 384
80 499
80 521
80 644
81 270
81 363
81 519
81 660
82 136
82 144
82 255
82 347
82 432
83 141
83 334
83 430
83 445
83 545
83 578
84 194
84 201
84 291
84 297
84 487
84 514
85 240
85 258
85 350
85 381
85 434
85 451
85 458
85 541
85 576
86 366
86 473
87 208
87 298
87 387
87 537
88 108
88 125
88 139
88 152
88 194
88 379
88 562
88 569
88 578
89 149
89 153
89 290
89 404
90 97
90 135
90 240
90 387
90 414
90 502
90 536
90 543
90 559
91 112
91 369
91 427
91 485
91 506
92 194
92 310
92 364
93 116
93 189
93 203
93 270
93 516
93 533
94 446
94 541
95 112
95 119
95 174
95 332
95 369
95 379
95 406
95 495
95 551
95 634
95 663
95 673
96 197
96 387
96 481
96 554
96 585
96 646
97 107
97 315
97 369
97 458
97 506
97 569
98 103
98 110
98 241
98 305
98 675
99 423
99 524
99 570
99 626
100 472
100 476
100 647
100 675
101 281
101 387
101 404
101 467
101 650
101 656
102 131
102 158
102 171
102 176
102 194
102 285
102 312
102 447
102 486
102 488
102 562
102 634
103 429
103 438
103 478
104 267
104 332
104 363
104 630
105 222
105 385
105 394
105 426
105 680
106 287
106 446
106 477
107 154
107 168
107 597
107 616
108 304
108 561
109 156
109 280
109 313
109 491
109 571
110 288
110 345
110 516
110 599
110 680
111 130
111 391
111 534
111 572
111 584
111 602
111 619
112 118
112 211
112 216
112 253
112 320
112 331
112 501
112 521
112 576
113 132
113 277
113 447
113 448
113 639
113 642
114 199
115 274
115 446
115 490
115 606
116 380
116 410
116 483
116 642
116 679
117 187
117 214
118 152
118 164
118 314
118 326
118 356
118 569
118 578
119 123
119 226
119 286
119 438
119 468
119 478
119 517
119 539
119 611
120 203
120 246
120 322
120 351
120 523
121 131
121 213
121 222
121 304
121 420
121 500
121 568
121 594
121 616
122 183
122 404
122 584
123 146
123 147
123 153
123 294
123 368
123 374
123 605
124 132
124 541
124 589
124 608
125 303
125 474
125 548
126 177
126 300
126 321
126 332
126 351
126 515
126 650
127 181
127 462
127 510
127 516
128 159
128 301
128 518
128 527
129 137
129 216
129 295
129 383
129 473
130 161
130 176
130 229
130 289
130 600
131 269
131 436
131 463
131 464
132 225
132 303
132 360
133 170
133 322
133 445
133 472
133 474
133 546
133 627
134 578
134 607
135 201
135 500
135 501
135 513
135 626
136 172
136 224
136 405
136 600
137 181
137 220
137 418
137 659
138 250
138 267
138 388
138 400
138 434
138 585
139 290
140 194
140 365
140 405
140 489
140 546
141 153
141 232
141 435
141 497
141 557
142 249
142 357
142 486
143 504
143 668
144 198
144 472
144 537
144 634
144 678
145 288
145 313
145 428
145 458
146 168
146 378
146 474
146 579
147 374
147 393
147 423
147 464
147 617
147 627
148 247
148 285
148 287
148 488
148 508
148 655
149 166
149 195
149 263
149 298
149 419
149 437
149 470
149 471
149 668
150 281
150 363
150 522
150 582
150 599
150 610
151 187
152 188
152 226
152 374
152 442
152 452
152 526
152 610
153 170
153 202
153 346
153 353
153 360
153 397
154 407
154 546
154 614
154 628
154 629
154 648
155 228
155 391
155 661
156 182
156 496
156 577
157 323
157 540
157 558
157 647
158 167
158 325
158 354
158 393
158 438
159 377
159 378
159 418
160 321
160 368
160 377
160 387
160 534
160 583
160 617
161 164
161 261
161 271
161 337
161 369
161 383
161 455
161 493
161 558
162 165
162 193
162 226
162 229
162 263
162 266
162 336
162 349
162 399
162 427
162 446
162 456
162 543
163 171
163 223
163 263
164 191
164 196
164 263
164 398
164 560
165 349
165 362
165 432
165 466
165 548
166 211
166 293
166 358
166 551
166 553
166 591
167 427
167 487
167 581
168 176
168 288
168 341
168 508
168 528
168 618
169 268
169 391
169 497
170 464
170 477
170 531
170 576
170 653
171 227
171 234
171 307
171 400
171 401
171 460
171 503
172 426
172 559
172 597
172 653
173 265
173 317
173 370
174 258
174 464
174 630
175 205
175 208
175 225
175 472
175 518
175 551
176 405
176 654
177 285
177 362
177 582
178 454
178 497
178 506
178 540
179 229
179 245
179 670
180 526
180 666
181 298
181 449
181 536
181 614
181 667
182 206
182 675
183 214
183 379
183 560
184 334
184 468
184 498
185 343
185 389
185 441
185 594
185 603
186 196
186 276
186 305
186 319
186 412
186 430
186 622
187 243
187 365
187 451
187 489
187 490
188 216
188 235
188 289
188 493
188 624
189 254
189 374
189 478
189 479
189 582
190 278
190 309
190 549
191 284
191 312
191 528
191 571
191 583
191 588
191 608
191 624
192 450
193 469
193 634
193 653
193 671
194 210
194 613
195 365
195 480
195 563
196 317
196 646
197 211
197 273
197 369
197 430
197 448
197 588
198 218
198 229
198 231
198 235
198 287
198 290
198 391
198 450
198 510
198 517
198 640
199 223
199 375
199 462
199 665
200 262
200 451
200 644
201 305
201 310
201 406
201 452
201 494
201 556
202 300
202 475
202 640
202 670
203 232
203 268
203 484
203 501
203 507
203 657
204 221
204 353
204 434
204 444
204 637
205 221
205 235
206 405
206 633
206 647
207 273
207 420
207 497
208 243
208 337
208 509
208 528
208 537
208 577
208 649
208 680
209 339
210 218
210 220
210 239
210 318
210 366
210 488
210 506
210 537
211 363
211 521
212 275
212 505
212 627
213 233
213 239
213 280
213 300
213 493
213 564
213 628
213 669
214 236
214 341
214 367
214 519
214 623
215 516
215 572
216 288
216 343
216 559
216 619
217 319
217 341
217 416
217 528
217 625
218 245
218 305
218 308
218 336
218 573
218 630
219 315
219 435
219 581
219 673
220 323
220 541
221 263
221 417
221 473
221 528
222 355
222 365
222 595
223 229
223 313
223 419
223 653
224 381
224 432
224 530
225 441
225 477
225 490
225 582
226 247
226 281
226 296
226 314
226 341
226 502
226 516
226 563
226 565
226 599
227 302
227 419
227 448
227 672
228 317
228 621
229 295
229 386
229 390
229 452
229 660
229 671
230 551
230 663
231 334
231 369
231 406
231 429
232 281
232 554
232 673
233 248
233 314
233 333
233 366
233 423
233 484
233 650
234 276
234 350
234 416
234 445
235 275
235 360
235 609
235 639
236 468
236 528
237 310
237 465
237 488
237 585
237 634
238 397
238 437
238 476
238 543
238 578
238 641
238 679
239 411
239 491
239 585
239 610
239 645
239 662
240 369
240 375
241 306
241 351
241 513
241 667
241 669
242 523
243 426
243 590
243 597
244 338
244 669
245 328
245 385
245 394
245 538
245 647
246 250
246 316
246 369
246 492
246 673
247 360
247 405
247 525
247 654
247 676
248 306
248 360
248 584
248 619
249 256
249 338
249 507
249 578
250 381
250 464
250 628
251 296
251 366
251 384
251 464
251 612
252 438
252 477
252 615
253 425
253 656
254 369
254 426
254 623
255 325
255 477
255 502
255 638
256 458
256 503
256 537
257 517
257 630
258 358
258 370
258 657
259 317
259 665
260 264
260 468
260 480
260 551
260 559
260 572
260 579
260 624
261 340
261 419
261 424
261 437
261 511
262 357
262 489
262 490
262 507
262 519
262 582
263 459
263 659
264 318
264 373
264 403
264 426
264 644
265 271
265 496
266 330
266 377
266 389
267 359
267 577
268 343
268 385
268 461
268 635
269 308
269 327
269 506
269 551
270 380
270 444
270 452
270 468
271 304
271 385
271 432
271 461
271 522
271 552
271 648
273 372
273 626
273 661
273 663
274 290
274 324
274 463
274 582
275 337
276 334
276 397
276 499
276 548
277 468
278 329
278 474
278 568
278 651
279 557
279 579
279 593
279 615
280 281
280 436
280 470
281 375
281 378
282 300
282 509
282 611
283 287
283 419
284 368
284 379
284 524
284 550
284 618
285 347
285 555
285 576
286 510
286 615
286 671
287 288
287 330
287 341
287 381
287 403
287 522
287 523
287 559
287 579
287 661
288 337
288 397
288 411
288 487
288 495
288 531
288 658
289 415
289 417
289 439
290 507
290 509
290 595
291 473
292 509
292 609
293 376
293 438
293 466
293 523
293 553
294 425
295 411
295 461
295 477
295 638
296 466
297 301
297 336
297 376
298 485
299 386
299 438
299 479
300 335
300 508
300 510
300 549
301 348
301 423
301 460
301 577
301 657
302 500
302 617
302 639
302 666
303 361
303 558
303 640
304 439
304 472
304 587
304 629
305 353
305 473
305 624
305 652
306 317
306 320
306 354
306 566
307 381
307 385
307 439
307 550
307 633
307 634
308 558
309 485
309 492
309 613
309 618
310 390
310 558
310 605
311 340
311 414
311 520
312 376
312 420
312 421
312 436
312 571
312 625
313 371
313 570
313 627
314 413
314 621
314 642
315 331
315 479
315 520
315 574
315 630
316 342
316 556
316 597
316 630
317 336
317 350
317 484
317 526
317 547
317 594
317 644
318 342
318 562
318 643
319 332
319 358
319 382
319 520
319 544
319 616
320 378
320 467
320 542
320 615
320 617
321 524
321 628
321 652
321 671
322 374
322 418
322 429
322 499
322 530
323 413
323 454
323 505
323 597
323 670
324 351
324 422
324 517
325 402
325 451
325 534
325 578
326 476
326 514
326 569
327 330
327 396
327 575
327 596
327 601
327 628
328 414
328 475
328 642
329 468
329 655
329 674
330 372
330 397
331 620
333 354
333 603
334 362
334 382
334 586
335 586
335 638
336 350
336 428
337 348
337 365
337 408
337 434
337 437
338 524
338 534
338 557
339 544
340 661
342 423
342 470
342 473
343 521
343 577
344 506
344 645
345 428
345 572
346 521
346 533
347 443
347 445
347 515
347 545
347 632
348 516
349 594
349 606
349 608
351 368
351 481
351 585
351 679
352 434
352 595
352 602
353 425
353 511
353 568
353 665
354 511
354 523
354 542
354 635
355 356
355 437
355 662
356 399
356 481
356 666
357 435
357 513
357 586
358 433
358 477
359 473
359 480
359 526
360 393
360 413
360 513
361 604
361 662
362 541
362 543
363 422
363 487
363 523
364 461
364 581
364 639
365 375
365 495
366 402
366 506
366 518
366 643
367 380
367 553
367 558
368 449
368 562
368 582
369 453
369 666
370 484
370 556
371 507
372 493
372 591
373 547
373 618
374 404
374 500
374 678
375 376
375 614
375 656
376 404
376 551
376 556
377 418
377 429
377 641
377 664
378 530
378 548
378 583
379 481
379 584
379 633
380 538
380 578
380 636
380 653
381 390
381 484
382 542
383 461
383 628
384 450
384 497
384 513
385 527
385 593
386 434
386 506
386 662
387 478
387 634
388 389
388 490
388 585
388 588
388 606
389 481
390 424
390 492
390 578
390 605
391 480
391 651
392 531
392 560
392 638
393 404
393 496
393 558
393 595
393 671
393 672
395 471
395 578
396 481
396 561
396 591
396 605
397 398
397 535
398 434
398 497
398 565
398 590
398 594
398 608
398 659
400 590
400 619
401 431
401 499
401 606
402 506
402 600
402 619
402 641
403 428
403 481
403 651
404 442
404 475
405 412
405 588
406 462
407 420
407 442
408 561
408 674
409 447
409 482
409 484
409 557
410 460
410 466
410 655
410 673
411 539
411 628
412 621
414 639
415 503
415 525
415 593
416 516
416 572
416 588
416 592
416 625
416 655
418 529
418 599
418 658
419 454
419 468
419 501
420 428
420 582
421 536
421 546
421 584
423 458
423 462
423 509
423 649
423 651
423 656
424 446
424 480
424 577
425 537
425 576
426 582
426 587
427 565
427 576
427 599
427 606
428 522
428 530
429 483
430 499
430 598
430 610
430 620
431 510
431 555
433 435
433 601
434 475
434 498
434 534
434 542
435 474
435 544
435 550
436 450
436 599
436 661
437 527
437 545
437 582
437 595
438 534
438 587
438 598
438 642
438 671
439 582
439 601
439 602
440 453
440 512
440 581
440 650
440 653
441 625
441 675
442 533
443 524
443 670
444 451
444 466
444 545
444 564
444 630
445 454
445 471
445 487
446 532
447 481
447 547
447 593
448 527
448 534
449 503
449 563
450 496
450 582
450 647
450 658
452 539
452 624
453 545
453 605
454 514
456 547
456 581
456 672
457 461
457 571
458 462
459 509
459 615
460 480
461 555
461 631
461 663
462 645
462 647
464 470
464 530
464 540
464 571
465 504
465 640
466 563
467 472
467 658
468 524
468 583
470 488
471 523
471 600
473 502
474 676
476 548
476 603
476 638
476 653
477 613
478 506
478 563
478 621
478 667
478 671
479 482
479 525
479 580
480 640
481 651
482 647
483 661
484 542
484 601
484 665
485 514
486 619
487 551
487 569
487 584
487 589
488 545
488 666
489 511
489 634
489 675
491 544
491 670
492 526
492 545
492 632
493 597
494 670
495 570
495 601
497 542
497 665
498 540
498 641
498 669
501 566
501 585
503 570
503 624
504 587
504 635
508 550
510 540
510 675
511 529
511 553
515 542
515 554
515 578
515 644
516 538
516 626
517 630
520 613
521 550
522 547
522 582
524 540
524 675
525 657
526 614
526 654
526 665
528 541
529 534
529 621
529 632
531 625
531 678
532 536
532 606
535 648
536 633
536 677
537 584
538 572
539 609
541 611
541 620
541 639
542 598
542 666
542 673
542 676
543 583
543 670
546 549
546 563
546 653
547 595
547 615
548 564
548 639
550 586
553 647
555 677
556 594
556 656
557 594
557 649
560 605
560 653
561 629
562 619
562 640
562 660
563 679
564 615
567 608
567 669
568 591
568 654
568 665
569 652
569 680
570 588
571 617
574 587
574 644
575 623
575 632
578 588
578 615
579 588
579 618
583 608
583 677
587 590
588 605
588 621
590 591
590 600
592 621
592 637
592 661
593 606
593 654
594 626
598 678
601 624
605 620
606 638
608 659
610 620
610 661
614 668
617 673
622 637
625 675
626 648
630 631
630 665
636 674
637 650
637 660
641 649
646 669
659 676
661 672
662 669
663 665
663 668
672 676
681 279
681 682
681 683
681 684
682 605
682 683
682 684
683 382
683 684
684 524
