759 3021
0 1
0 2
0 3
0 4
0 5
0 6
0 7
0 8
0 9
0 10
0 11
0 12
0 13
0 14
0 15
0 16
0 17
0 18
0 19
0 20
0 21
0 22
0 23
0 24
0 25
0 26
0 27
0 28
0 29
0 30
0 31
0 32
0 33
0 34
0 35
0 36
0 37
0 38
0 39
0 40
0 41
0 42
0 43
0 44
0 45
0 46
0 47
0 48
0 49
0 50
0 51
0 52
0 53
0 54
0 55
0 56
0 57
0 58
0 59
0 60
0 61
0 62
0 63
0 64
0 65
0 66
0 67
0 68
0 69
0 70
0 71
0 72
0 73
0 74
0 75
0 76
0 77
0 78
0 79
0 80
0 81
0 82
0 83
0 84
0 85
0 86
0 87
0 88
0 89
0 90
0 91
0 92
0 93
0 94
0 95
0 96
0 97
0 98
0 99
0 100
0 101
0 102
0 103
0 104
0 105
0 106
0 107
0 108
0 109
0 110
0 111
0 112
0 113
0 114
0 115
0 116
0 117
0 118
0 119
0 120
0 121
0 122
0 123
0 124
0 125
0 126
0 127
0 128
0 129
0 130
0 131
0 132
0 133
0 134
0 135
0 136
0 137
0 138
0 139
0 140
0 141
0 142
0 143
0 144
0 145
0 146
0 147
0 148
0 149
0 150
0 151
0 152
0 153
0 154
0 155
0 156
0 157
0 158
0 159
0 160
0 161
0 162
0 163
0 164
0 165
0 166
0 167
0 168
0 169
0 170
0 171
0 172
0 173
0 174
0 175
0 176
0 177
0 178
0 179
0 180
0 181
0 182
0 183
0 184
0 185
0 186
0 187
0 188
0 189
0 190
0 191
0 192
0 193
0 194
0 195
0 196
0 197
0 198
0 199
0 200
0 201
0 202
0 203
0 204
0 205
0 206
0 207
0 208
0 209
0 210
0 211
0 212
0 213
0 214
0 215
0 216
0 217
0 218
0 219
0 220
0 221
0 222
0 223
0 224
0 225
0 226
0 227
0 228
0 229
0 230
0 231
0 232
0 233
0 234
0 235
0 236
0 237
0 238
0 239
0 240
0 241
0 242
0 243
0 244
0 245
0 246
0 247
0 248
0 249
0 250
0 251
0 252
0 253
0 254
0 255
0 256
0 257
0 258
0 259
0 260
0 261
0 262
0 263
0 264
0 265
0 266
0 267
0 268
0 269
0 270
0 271
0 272
0 273
0 274
0 275
0 276
0 277
0 278
0 279
0 280
0 281
0 282
0 283
0 284
0 285
0 286
0 287
0 288
0 289
0 290
0 291
0 292
0 293
0 294
0 295
0 296
0 297
0 298
0 299
0 300
0 301
0 302
0 303
0 304
0 305
0 306
0 307
0 308
0 309
0 310
0 311
0 312
0 313
0 314
0 315
0 316
0 317
0 318
0 319
0 320
0 321
0 322
0 323
0 324
0 325
0 326
0 327
0 328
0 329
0 330
0 331
0 332
0 333
0 334
0 335
0 336
0 337
0 338
0 339
0 340
0 341
0 342
0 343
0 344
0 345
0 346
0 347
0 348
0 349
0 350
0 351
0 352
0 353
0 354
0 355
0 356
0 357
0 358
0 359
0 360
0 361
0 362
0 363
0 364
0 365
0 366
0 367
0 368
0 369
0 370
0 371
0 372
0 373
0 374
0 375
0 376
0 377
0 378
0 379
0 380
0 381
0 382
0 383
0 384
0 385
0 386
0 387
0 388
0 389
0 390
0 391
0 392
0 393
0 394
0 395
0 396
0 397
0 398
0 399
0 400
0 401
0 402
0 403
0 404
0 405
0 406
0 407
0 408
0 409
0 410
0 411
0 412
0 413
0 414
0 415
0 416
0 417
0 418
0 419
0 420
0 421
0 422
0 423
0 424
0 425
0 426
0 427
0 428
0 429
0 430
0 431
0 432
0 433
0 434
0 435
0 436
0 437
0 438
0 439
0 440
0 441
0 442
0 443
0 444
0 445
0 446
0 447
0 448
0 449
0 450
0 451
0 452
0 453
0 454
0 455
0 456
0 457
0 458
0 459
0 460
0 461
0 462
0 463
0 464
0 465
0 466
0 467
0 468
0 469
0 470
0 471
0 472
0 473
0 474
0 475
0 476
0 477
0 478
0 479
0 480
0 481
0 482
0 483
0 484
0 485
0 486
0 487
0 488
0 489
0 490
0 491
0 492
0 493
0 494
0 495
0 496
0 497
0 498
0 499
0 500
0 501
0 502
0 503
0 504
0 505
0 506
0 507
0 508
0 509
0 510
0 511
0 512
0 513
0 514
0 515
0 516
0 517
0 518
0 519
0 520
0 521
0 522
0 523
0 524
0 525
0 526
0 527
0 528
0 529
0 530
0 531
0 532
0 533
0 534
0 535
0 536
0 537
0 538
0 539
0 540
0 541
0 542
0 543
0 544
0 545
0 546
0 547
0 548
0 549
0 550
0 551
0 552
0 553
0 554
0 555
0 556
0 557
0 558
0 559
0 560
0 561
0 562
0 563
0 564
0 565
0 566
0 567
0 568
0 569
0 570
0 571
0 572
0 573
0 574
0 575
0 576
0 577
0 578
0 579
0 580
0 581
0 582
0 583
0 584
0 585
0 586
0 587
0 588
0 589
0 590
0 591
0 592
0 593
0 594
0 595
0 596
0 597
0 598
0 599
0 600
0 601
0 602
0 603
0 604
0 605
0 606
0 607
0 608
0 609
0 610
0 611
0 612
0 613
0 614
0 615
0 616
0 617
0 618
0 619
0 620
0 621
0 622
0 623
0 624
0 625
0 626
0 627
0 628
0 629
0 630
0 631
0 632
0 633
0 634
0 635
0 636
0 637
0 638
0 639
0 640
0 641
0 642
0 643
0 644
0 645
0 646
0 647
0 648
0 649
0 650
0 651
0 652
0 653
0 654
0 655
0 656
0 657
0 658
0 659
0 660
0 661
0 662
0 663
0 664
0 665
0 666
0 667
0 668
0 669
0 670
0 671
0 672
0 673
0 674
0 675
0 676
0 677
0 678
0 679
0 680
0 681
0 682
0 683
0 684
0 685
0 686
0 687
0 688
0 689
0 690
0 691
0 692
0 693
0 694
0 695
0 696
0 697
0 698
0 699
0 700
0 701
0 702
0 703
0 704
0 705
0 706
0 707
0 708
0 709
0 710
0 711
0 712
0 713
0 714
0 715
0 716
0 717
0 718
0 719
0 720
0 721
0 722
0 723
0 724
0 725
0 726
0 727
0 728
0 729
0 730
0 731
0 732
0 733
0 734
0 735
0 736
0 737
0 738
0 739
0 740
0 741
0 742
0 743
0 744
0 745
0 746
0 747
0 748
0 749
0 750
0 751
0 752
0 753
0 754
1 72
1 85
1 520
1 590
1 658
2 72
2 143
2 262
2 277
2 282
2 344
2 407
2 603
2 751
3 72
3 109
3 210
3 308
3 473
3 680
3 718
4 74
4 216
4 253
4 319
4 353
4 355
4 369
4 531
4 619
4 622
5 408
5 582
5 656
6 17
6 165
6 193
6 334
6 417
6 464
6 551
6 575
6 658
6 662
6 725
7 91
7 129
7 253
7 332
7 371
7 379
7 609
7 675
7 736
8 82
8 173
8 260
8 276
8 499
9 23
9 26
9 48
9 216
9 541
9 573
9 608
10 45
10 282
10 308
10 372
10 610
10 731
11 180
11 190
11 314
11 476
11 502
11 540
11 547
11 597
11 603
12 82
12 354
12 578
13 247
13 293
13 537
13 751
14 26
14 46
14 103
14 317
14 378
14 597
14 730
15 367
15 623
16 36
16 225
16 392
16 416
16 632
17 146
17 191
17 227
17 236
17 335
17 355
17 537
17 622
17 695
17 708
18 190
18 270
18 281
18 374
18 405
18 433
18 572
19 142
19 230
19 452
19 583
19 615
19 693
19 706
19 709
20 31
20 133
20 367
21 65
21 97
21 212
21 276
21 321
21 370
21 445
21 510
21 703
22 50
22 87
22 89
22 180
22 199
22 291
22 330
22 446
22 496
22 558
22 637
22 748
23 84
23 178
23 397
23 567
24 142
24 287
24 305
24 315
24 371
24 613
25 255
25 491
25 667
25 743
25 752
26 57
26 65
26 78
26 104
26 143
26 260
26 347
26 434
26 657
27 96
27 124
27 235
27 319
27 384
27 506
28 238
28 302
28 488
28 549
28 594
28 726
28 752
29 108
29 221
29 294
29 399
29 535
29 592
30 108
30 230
30 243
30 299
30 375
30 501
30 681
31 94
31 146
31 271
31 477
31 718
32 107
32 124
32 142
32 153
32 385
32 514
32 580
33 73
33 112
33 250
33 303
33 404
33 413
33 633
33 746
34 45
34 541
34 575
34 676
34 726
34 750
35 128
35 274
35 551
35 565
36 163
36 191
36 297
36 356
36 357
36 394
36 483
36 657
37 105
37 216
37 244
37 339
37 473
37 703
37 752
38 43
38 243
38 258
38 336
38 379
38 488
39 492
40 100
40 425
41 295
41 487
41 590
41 735
42 88
42 141
42 143
42 172
42 459
42 475
42 494
42 519
42 572
42 604
43 149
43 179
43 287
43 403
43 572
43 582
43 629
44 89
44 210
44 248
44 300
44 477
45 111
45 189
45 396
45 462
45 502
46 349
46 354
46 392
46 425
46 653
46 735
47 188
47 289
47 504
47 533
47 549
47 583
47 659
48 348
48 709
48 724
49 51
49 391
49 462
49 481
49 524
50 136
50 144
50 207
50 249
50 558
51 88
51 90
51 176
51 269
51 369
51 376
52 453
52 522
52 714
53 89
53 145
53 164
53 331
53 387
53 402
53 564
53 617
53 750
54 175
54 426
54 656
55 72
55 626
56 76
56 156
56 463
56 538
56 547
56 627
56 705
57 132
57 208
57 377
57 515
57 543
58 143
58 151
58 363
58 408
58 547
58 551
58 654
58 705
59 148
59 703
59 739
60 65
60 99
60 168
60 225
60 655
60 742
61 76
61 131
61 165
61 444
61 466
61 508
61 599
61 751
62 93
62 126
62 362
62 416
62 539
62 628
63 124
63 211
63 298
63 420
63 510
64 100
64 427
64 444
64 617
65 289
65 483
65 524
65 552
65 707
66 100
66 108
66 177
66 316
66 437
66 460
66 627
67 72
67 108
67 111
67 151
67 454
67 457
67 667
68 212
68 466
68 751
69 557
69 627
70 125
70 278
70 453
70 542
70 694
70 718
71 124
71 132
71 233
71 285
71 352
71 413
71 747
72 133
72 684
72 746
73 161
73 245
73 355
73 445
73 463
73 486
73 583
73 684
74 329
74 577
75 120
75 446
75 447
75 504
75 684
76 161
76 198
76 207
76 517
76 664
77 133
77 186
77 261
77 330
77 344
77 451
77 636
77 669
77 692
78 232
79 209
79 520
79 705
79 735
80 235
80 266
80 310
80 316
80 472
80 515
80 712
80 741
81 112
81 260
81 387
81 537
82 126
82 225
82 303
82 494
83 97
83 245
83 264
83 268
83 454
83 465
83 528
83 540
84 417
84 589
84 647
84 660
84 713
84 746
85 286
85 429
86 89
86 105
86 244
86 289
86 354
86 411
86 512
86 584
86 585
87 675
88 300
88 634
89 128
89 267
89 293
89 324
89 551
89 555
90 152
90 157
90 253
90 255
90 290
90 316
90 396
90 522
90 530
90 619
90 672
90 740
91 158
92 113
92 303
92 466
92 475
92 667
92 703
93 416
93 521
93 622
94 129
94 155
94 184
94 705
95 243
95 555
95 617
95 732
96 142
96 531
96 570
97 110
97 185
97 315
97 381
97 650
97 742
98 402
98 415
98 478
98 496
99 196
99 337
99 390
99 418
99 440
99 459
99 461
99 515
99 548
99 702
100 184
100 225
100 358
100 411
100 425
101 181
101 251
101 496
102 193
102 290
102 696
103 263
103 548
103 678
104 363
104 416
104 488
104 548
104 599
104 601
105 217
105 457
106 141
106 195
106 373
106 440
106 496
106 576
106 620
106 683
106 750
107 179
107 198
107 214
107 394
107 449
107 469
107 503
108 131
108 216
108 225
108 293
108 460
109 197
109 308
109 463
109 486
109 567
110 292
110 463
110 514
110 516
110 535
110 565
110 692
111 421
112 445
112 473
113 244
113 338
113 379
113 384
113 407
113 549
113 666
113 726
114 120
114 288
114 304
114 344
114 648
116 285
116 364
116 373
116 464
116 466
116 511
116 525
116 569
117 257
117 261
117 312
117 380
117 463
117 550
117 671
118 270
118 537
118 540
118 570
118 590
118 679
118 703
119 124
119 188
119 525
120 127
120 198
120 282
120 292
120 303
120 312
120 409
120 474
120 660
120 744
121 466
121 475
121 705
122 129
122 389
122 560
123 282
123 611
123 686
124 264
124 321
124 736
125 132
125 209
125 262
126 160
126 169
126 206
126 209
126 210
127 370
127 455
127 536
127 572
127 696
128 310
128 562
129 191
129 667
129 685
130 346
130 491
130 569
130 716
130 737
131 512
131 550
131 597
131 690
131 714
132 398
133 199
133 307
133 436
133 463
133 601
133 604
133 657
133 739
133 749
134 265
134 298
134 369
134 380
134 392
134 421
134 495
134 618
135 258
135 267
135 381
135 472
135 655
136 226
136 249
136 328
136 366
136 422
136 557
136 692
137 141
137 188
137 249
137 265
137 377
137 432
137 434
137 440
137 735
138 179
138 220
138 292
138 407
138 494
138 532
139 381
139 591
140 229
140 422
140 529
140 708
141 153
141 210
141 339
141 367
141 405
141 748
142 381
142 542
142 584
142 597
143 162
143 231
143 290
143 385
143 565
143 617
144 412
144 442
144 449
144 622
144 742
145 156
145 448
145 449
145 611
145 638
145 724
146 257
146 366
146 445
146 527
146 686
147 207
147 220
147 277
147 436
148 275
148 343
148 358
148 478
148 647
148 711
149 411
149 417
149 523
149 629
150 631
150 693
151 197
151 293
151 323
151 336
151 460
151 744
152 262
152 387
152 523
153 221
153 632
154 218
154 346
155 194
155 701
155 717
156 497
156 703
156 720
156 745
157 245
157 728
158 293
159 220
159 228
159 252
159 274
159 404
159 447
159 469
159 529
159 644
159 712
160 436
161 347
161 434
161 439
161 469
161 718
162 350
162 363
162 415
162 514
162 517
162 536
163 168
163 496
163 497
163 571
163 605
163 691
164 223
164 255
164 349
164 410
164 417
164 596
164 686
165 405
165 514
165 575
165 589
166 172
166 284
166 286
166 327
166 498
166 636
166 690
167 242
167 305
168 284
168 317
168 369
168 429
168 486
168 532
168 684
169 405
169 504
170 202
170 554
171 203
171 229
171 346
171 348
171 357
171 358
171 381
171 466
172 460
173 253
173 256
173 269
173 287
173 340
173 394
173 443
173 500
173 733
174 225
174 451
174 525
174 575
175 188
175 271
175 369
175 665
176 368
176 550
176 721
177 394
177 421
177 523
177 709
178 264
178 342
178 522
179 289
179 354
179 451
179 510
180 192
180 237
180 424
180 438
180 490
180 529
180 582
180 661
180 691
180 750
181 319
181 362
181 382
181 489
181 568
181 625
181 698
182 245
182 509
182 545
183 278
183 448
183 544
183 549
183 550
183 596
183 650
183 724
184 216
184 330
184 364
184 513
184 667
185 214
185 217
186 324
186 569
186 607
186 719
187 443
187 545
187 567
187 598
187 604
188 230
188 256
188 368
188 652
189 283
189 428
189 466
189 524
190 200
190 213
190 478
190 570
190 683
190 691
191 249
191 438
191 493
191 736
193 302
193 334
193 454
193 535
193 561
193 712
194 219
194 257
194 385
194 505
194 682
195 489
196 223
196 258
196 291
196 365
196 464
196 711
196 716
197 206
197 441
197 488
197 631
197 701
197 741
197 754
198 285
198 404
198 569
198 656
199 236
199 396
199 663
199 726
200 375
200 381
200 404
200 494
200 713
200 729
201 281
201 284
201 338
201 387
201 529
201 578
201 590
202 371
202 438
202 501
202 703
203 252
203 328
203 423
203 466
204 516
204 537
205 291
206 223
206 294
206 467
206 497
206 555
206 603
206 697
206 730
207 217
207 332
207 348
207 452
207 501
207 513
207 637
207 689
207 712
208 300
208 710
208 740
209 260
209 746
210 303
210 440
210 460
210 480
210 567
210 635
210 704
211 234
211 412
211 524
211 538
211 680
212 215
212 247
212 482
212 515
212 608
213 233
213 730
213 733
214 236
214 256
214 295
214 387
214 397
214 536
214 667
215 248
215 319
215 361
215 381
215 512
215 585
215 627
215 661
215 682
216 256
216 454
216 545
216 554
216 673
217 223
217 224
217 252
217 257
217 412
217 618
218 320
218 634
218 663
219 236
220 232
220 356
220 513
220 584
221 411
221 449
221 658
221 699
222 453
222 494
223 373
223 447
223 546
223 625
223 677
223 751
224 273
224 289
224 589
225 235
225 385
225 534
225 544
225 591
225 615
226 491
226 727
227 422
227 675
227 727
228 281
228 322
228 376
228 412
228 739
229 273
229 534
229 729
230 268
230 342
230 435
230 635
230 649
231 410
231 687
231 745
232 307
232 326
232 534
232 615
232 739
233 253
233 337
233 397
233 446
234 339
234 396
234 496
234 694
235 644
236 279
237 252
237 432
237 481
237 541
237 735
238 279
238 298
238 642
239 356
239 468
239 484
239 489
239 558
239 677
240 278
240 663
241 378
241 415
241 468
241 561
242 490
243 333
243 448
243 531
243 734
244 449
244 591
244 637
245 292
245 344
245 466
246 363
246 475
246 511
246 558
246 637
246 653
246 731
246 753
247 306
247 534
248 305
248 321
248 380
248 666
249 344
249 355
249 392
249 496
249 661
249 676
250 317
250 349
250 394
250 491
250 511
250 658
251 279
251 305
251 392
251 508
251 514
251 532
251 580
251 705
251 707
252 259
252 432
252 502
253 269
253 591
253 618
254 356
254 368
254 471
254 520
254 558
254 705
254 722
255 345
255 352
255 543
255 707
255 738
256 426
257 374
257 442
257 663
258 293
258 308
258 329
258 470
258 511
258 530
258 653
259 453
259 550
260 467
260 514
260 722
261 425
261 437
262 557
262 615
262 625
262 643
263 484
263 566
263 635
264 387
264 486
264 490
264 531
264 559
264 654
264 682
265 319
265 640
265 658
266 306
266 321
266 654
266 676
266 688
266 695
266 739
267 336
268 281
268 498
268 589
268 647
268 658
269 273
269 280
269 429
269 497
269 553
269 578
269 612
269 751
270 363
270 364
270 402
270 497
270 513
270 592
270 682
271 288
271 609
271 722
272 290
272 328
272 489
272 673
272 694
272 735
273 363
273 379
273 558
273 567
273 754
274 433
274 657
274 684
275 288
275 384
275 590
275 693
275 723
276 466
276 576
277 297
277 351
277 504
277 551
277 591
277 678
278 296
278 540
278 601
278 641
279 286
279 518
279 696
280 339
280 388
280 467
280 636
280 651
280 722
281 307
281 311
281 313
281 754
282 466
282 547
282 702
283 338
283 592
283 669
284 457
284 486
284 654
284 668
284 729
285 513
285 691
285 752
286 350
286 373
286 432
286 649
286 733
288 490
288 629
288 709
288 752
289 345
289 426
289 482
289 670
291 423
291 505
291 526
291 537
292 456
292 527
293 345
293 384
293 537
293 556
293 585
293 636
293 713
294 439
294 471
294 562
294 638
295 339
295 393
295 415
295 644
296 320
296 686
296 730
297 392
297 718
297 728
298 354
298 416
298 438
298 480
299 367
299 386
299 627
300 383
300 391
300 436
300 486
300 719
301 315
301 386
301 548
302 345
302 652
302 685
302 723
302 745
303 675
304 683
304 721
304 749
305 400
305 426
305 709
306 653
307 620
307 664
308 327
308 470
308 631
308 725
309 442
309 458
309 545
309 637
310 685
310 706
311 620
312 340
312 651
312 706
313 460
313 491
313 585
313 677
314 402
314 572
315 447
315 486
315 651
316 380
316 392
316 460
316 486
316 615
316 643
316 738
317 365
317 425
317 566
317 693
317 744
318 319
318 327
318 334
318 380
318 662
319 417
319 422
319 473
319 491
321 339
321 375
321 414
321 510
321 592
321 607
321 719
322 389
322 438
322 479
322 485
322 615
322 754
323 339
323 356
324 378
324 630
325 516
325 607
325 633
325 664
325 704
326 352
326 428
326 578
326 754
327 708
328 441
328 538
328 580
329 396
329 410
329 493
329 568
329 743
330 371
330 374
330 447
330 504
330 732
331 350
331 366
331 574
331 720
332 460
332 573
332 595
332 679
332 740
332 753
333 404
333 451
333 465
333 599
333 719
334 447
334 464
334 628
335 722
336 368
336 414
336 604
337 383
337 555
337 578
337 628
337 700
338 344
338 349
338 378
338 417
338 445
338 452
338 523
338 574
338 648
338 654
338 657
338 678
338 726
339 442
339 488
340 448
340 515
340 526
340 538
340 606
340 617
340 644
341 451
341 564
342 517
342 703
343 344
343 349
343 384
343 583
343 635
343 705
344 477
344 588
345 414
345 685
345 722
346 475
347 434
347 506
347 519
347 523
347 632
348 429
348 591
349 388
349 410
350 425
351 416
351 432
351 470
351 493
351 563
352 712
352 725
353 409
353 548
354 413
354 672
354 680
355 390
355 521
355 750
356 623
356 639
356 670
357 398
357 583
358 402
358 408
358 564
359 419
359 484
359 660
359 703
359 754
360 426
360 435
360 502
360 522
360 664
360 684
360 710
361 568
362 610
362 661
363 524
363 625
363 629
363 641
363 701
363 710
364 480
364 697
364 708
365 470
365 587
365 744
366 449
366 539
366 610
366 709
368 474
368 508
368 542
368 589
368 678
369 648
370 439
370 443
370 575
370 625
370 633
370 645
371 734
371 737
372 569
372 621
372 716
373 375
373 695
374 467
375 393
375 525
375 605
375 703
376 566
376 610
377 563
377 666
378 665
378 748
379 451
379 655
380 480
381 396
381 640
381 721
382 426
382 540
382 749
383 447
383 456
383 586
383 623
383 661
384 429
384 451
384 557
384 576
384 589
385 428
385 521
387 502
387 564
387 677
388 503
388 511
388 658
389 453
390 443
390 690
391 483
391 738
392 401
392 455
392 457
392 474
392 585
393 528
393 671
394 633
395 540
395 628
395 665
396 414
396 545
396 753
397 425
397 512
397 721
398 437
399 579
399 666
400 401
400 423
400 468
400 513
400 689
401 459
401 600
402 698
403 460
403 517
403 545
403 589
403 646
404 558
404 718
405 416
405 442
405 464
405 482
405 511
405 749
406 441
406 541
406 719
407 625
408 501
410 439
410 674
410 714
410 726
411 535
411 556
411 561
412 732
413 508
414 595
414 672
414 703
415 649
416 525
416 634
417 534
417 656
417 668
418 506
418 741
419 661
419 667
420 538
420 559
420 665
420 686
421 561
421 588
424 578
424 591
424 619
425 444
425 515
425 584
425 603
426 537
427 637
428 552
428 716
429 493
429 514
429 556
429 614
430 570
431 628
432 469
432 497
432 679
432 714
433 618
434 590
435 523
435 643
436 447
436 514
436 574
436 587
436 616
436 695
438 454
439 444
439 554
439 562
439 625
439 671
439 744
440 518
440 533
440 541
440 587
440 670
440 706
441 680
443 455
443 564
444 713
444 745
446 509
446 577
446 624
446 724
447 523
447 656
447 660
447 662
447 748
448 547
448 610
448 666
448 730
449 681
449 732
449 748
450 473
450 709
451 499
451 559
451 662
452 489
452 609
453 538
453 627
454 560
454 636
454 641
454 680
454 691
455 559
456 457
457 542
457 560
457 608
457 626
457 639
457 696
458 463
458 563
458 596
458 664
458 694
459 571
459 743
461 517
461 712
462 557
462 572
462 591
462 674
462 745
463 597
463 625
464 559
465 509
465 549
465 634
466 486
466 568
466 727
466 749
467 481
467 593
468 491
468 580
468 640
468 713
469 478
469 652
469 745
470 572
470 743
470 752
471 730
472 588
472 615
472 620
472 724
473 729
474 643
474 675
475 478
475 584
475 662
475 723
477 565
477 664
477 712
478 585
478 602
478 660
478 692
478 734
479 580
480 499
480 616
480 642
480 712
481 599
481 614
481 645
481 703
481 721
482 522
482 717
483 707
484 488
484 636
485 530
485 594
486 649
486 750
487 617
487 642
487 663
487 731
488 555
488 657
491 630
491 680
492 696
492 721
493 540
494 508
494 589
494 594
494 741
495 614
495 630
495 636
496 503
496 562
496 569
497 717
499 732
500 537
500 580
501 551
502 568
502 608
502 613
502 663
503 592
503 648
503 690
503 720
503 725
504 580
504 615
505 701
505 708
506 594
506 752
507 549
507 550
507 736
508 657
509 544
509 685
509 736
510 534
510 544
510 587
510 723
511 640
511 645
511 666
511 669
511 719
512 527
512 530
512 700
512 709
513 643
513 750
514 591
514 657
515 590
516 568
516 742
517 565
517 676
518 651
518 695
519 521
519 529
519 542
519 577
519 611
519 638
519 662
520 543
520 611
520 735
522 545
522 560
522 628
522 638
524 568
525 618
525 652
526 564
527 575
528 642
530 622
531 606
532 654
533 551
533 562
534 683
534 732
536 637
538 574
539 635
540 746
541 661
541 754
542 742
543 564
543 567
543 576
543 664
543 730
544 667
544 713
545 649
545 705
545 726
546 592
546 617
546 750
547 709
547 710
548 559
548 739
550 649
551 623
552 669
554 605
555 626
555 712
555 743
557 637
557 731
559 570
559 707
560 626
560 664
560 705
560 735
562 603
562 707
562 744
563 713
564 635
564 693
564 746
565 621
566 577
566 643
566 651
566 715
567 662
568 598
568 635
568 640
568 662
568 709
568 712
568 721
569 598
569 622
570 578
570 627
570 659
570 722
571 627
571 748
572 606
572 679
573 580
573 603
575 639
575 659
575 712
577 588
577 702
577 753
579 621
579 630
579 646
579 664
580 675
580 681
582 676
583 659
583 732
584 587
584 706
585 719
586 682
586 730
586 740
589 669
590 617
590 652
591 709
592 727
593 699
596 611
596 697
596 753
599 747
600 655
602 604
603 678
606 615
606 734
607 611
607 624
608 658
609 627
610 654
610 742
611 668
612 625
616 754
617 730
620 656
620 719
620 728
622 742
624 672
625 670
626 676
631 659
631 705
634 699
635 741
637 660
638 710
639 650
641 685
641 698
642 720
644 727
644 750
645 657
649 720
650 724
650 730
651 683
652 713
652 729
653 695
653 752
657 730
657 752
658 728
658 739
661 726
662 753
663 731
665 723
666 720
666 729
667 702
668 721
672 674
672 740
673 729
674 679
681 697
683 713
684 742
684 751
685 718
685 729
689 739
691 721
693 737
695 732
699 734
700 721
701 707
703 706
704 714
707 732
709 724
715 742
718 744
721 740
729 743
730 736
735 739
755 316
755 756
755 757
755 758
756 585
756 757
756 758
757 209
757 758
758 51
