796 3164
0 1
0 2
0 3
0 4
0 5
0 6
0 7
0 8
0 9
0 10
0 11
0 12
0 13
0 14
0 15
0 16
0 17
0 18
0 19
0 20
0 21
0 22
0 23
0 24
0 25
0 26
0 27
0 28
0 29
0 30
0 31
0 32
0 33
0 34
0 35
0 36
0 37
0 38
0 39
0 40
0 41
0 42
0 43
0 44
0 45
0 46
0 47
0 48
0 49
0 50
0 51
0 52
0 53
0 54
0 55
0 56
0 57
0 58
0 59
0 60
0 61
0 62
0 63
0 64
0 65
0 66
0 67
0 68
0 69
0 70
0 71
0 72
0 73
0 74
0 75
0 76
0 77
0 78
0 79
0 80
0 81
0 82
0 83
0 84
0 85
0 86
0 87
0 88
0 89
0 90
0 91
0 92
0 93
0 94
0 95
0 96
0 97
0 98
0 99
0 100
0 101
0 102
0 103
0 104
0 105
0 106
0 107
0 108
0 109
0 110
0 111
0 112
0 113
0 114
0 115
0 116
0 117
0 118
0 119
0 120
0 121
0 122
0 123
0 124
0 125
0 126
0 127
0 128
0 129
0 130
0 131
0 132
0 133
0 134
0 135
0 136
0 137
0 138
0 139
0 140
0 141
0 142
0 143
0 144
0 145
0 146
0 147
0 148
0 149
0 150
0 151
0 152
0 153
0 154
0 155
0 156
0 157
0 158
0 159
0 160
0 161
0 162
0 163
0 164
0 165
0 166
0 167
0 168
0 169
0 170
0 171
0 172
0 173
0 174
0 175
0 176
0 177
0 178
0 179
0 180
0 181
0 182
0 183
0 184
0 185
0 186
0 187
0 188
0 189
0 190
0 191
0 192
0 193
0 194
0 195
0 196
0 197
0 198
0 199
0 200
0 201
0 202
0 203
0 204
0 205
0 206
0 207
0 208
0 209
0 210
0 211
0 212
0 213
0 214
0 215
0 216
0 217
0 218
0 219
0 220
0 221
0 222
0 223
0 224
0 225
0 226
0 227
0 228
0 229
0 230
0 231
0 232
0 233
0 234
0 235
0 236
0 237
0 238
0 239
0 240
0 241
0 242
0 243
0 244
0 245
0 246
0 247
0 248
0 249
0 250
0 251
0 252
0 253
0 254
0 255
0 256
0 257
0 258
0 259
0 260
0 261
0 262
0 263
0 264
0 265
0 266
0 267
0 268
0 269
0 270
0 271
0 272
0 273
0 274
0 275
0 276
0 277
0 278
0 279
0 280
0 281
0 282
0 283
0 284
0 285
0 286
0 287
0 288
0 289
0 290
0 291
0 292
0 293
0 294
0 295
0 296
0 297
0 298
0 299
0 300
0 301
0 302
0 303
0 304
0 305
0 306
0 307
0 308
0 309
0 310
0 311
0 312
0 313
0 314
0 315
0 316
0 317
0 318
0 319
0 320
0 321
0 322
0 323
0 324
0 325
0 326
0 327
0 328
0 329
0 330
0 331
0 332
0 333
0 334
0 335
0 336
0 337
0 338
0 339
0 340
0 341
0 342
0 343
0 344
0 345
0 346
0 347
0 348
0 349
0 350
0 351
0 352
0 353
0 354
0 355
0 356
0 357
0 358
0 359
0 360
0 361
0 362
0 363
0 364
0 365
0 366
0 367
0 368
0 369
0 370
0 371
0 372
0 373
0 374
0 375
0 376
0 377
0 378
0 379
0 380
0 381
0 382
0 383
0 384
0 385
0 386
0 387
0 388
0 389
0 390
0 391
0 392
0 393
0 394
0 395
0 396
0 397
0 398
0 399
0 400
0 401
0 402
0 403
0 404
0 405
0 406
0 407
0 408
0 409
0 410
0 411
0 412
0 413
0 414
0 415
0 416
0 417
0 418
0 419
0 420
0 421
0 422
0 423
0 424
0 425
0 426
0 427
0 428
0 429
0 430
0 431
0 432
0 433
0 434
0 435
0 436
0 437
0 438
0 439
0 440
0 441
0 442
0 443
0 444
0 445
0 446
0 447
0 448
0 449
0 450
0 451
0 452
0 453
0 454
0 455
0 456
0 457
0 458
0 459
0 460
0 461
0 462
0 463
0 464
0 465
0 466
0 467
0 468
0 469
0 470
0 471
0 472
0 473
0 474
0 475
0 476
0 477
0 478
0 479
0 480
0 481
0 482
0 483
0 484
0 485
0 486
0 487
0 488
0 489
0 490
0 491
0 492
0 493
0 494
0 495
0 496
0 497
0 498
0 499
0 500
0 501
0 502
0 503
0 504
0 505
0 506
0 507
0 508
0 509
0 510
0 511
0 512
0 513
0 514
0 515
0 516
0 517
0 518
0 519
0 520
0 521
0 522
0 523
0 524
0 525
0 526
0 527
0 528
0 529
0 530
0 531
0 532
0 533
0 534
0 535
0 536
0 537
0 538
0 539
0 540
0 541
0 542
0 543
0 544
0 545
0 546
0 547
0 548
0 549
0 550
0 551
0 552
0 553
0 554
0 555
0 556
0 557
0 558
0 559
0 560
0 561
0 562
0 563
0 564
0 565
0 566
0 567
0 568
0 569
0 570
0 571
0 572
0 573
0 574
0 575
0 576
0 577
0 578
0 579
0 580
0 581
0 582
0 583
0 584
0 585
0 586
0 587
0 588
0 589
0 590
0 591
0 592
0 593
0 594
0 595
0 596
0 597
0 598
0 599
0 600
0 601
0 602
0 603
0 604
0 605
0 606
0 607
0 608
0 609
0 610
0 611
0 612
0 613
0 614
0 615
0 616
0 617
0 618
0 619
0 620
0 621
0 622
0 623
0 624
0 625
0 626
0 627
0 628
0 629
0 630
0 631
0 632
0 633
0 634
0 635
0 636
0 637
0 638
0 639
0 640
0 641
0 642
0 643
0 644
0 645
0 646
0 647
0 648
0 649
0 650
0 651
0 652
0 653
0 654
0 655
0 656
0 657
0 658
0 659
0 660
0 661
0 662
0 663
0 664
0 665
0 666
0 667
0 668
0 669
0 670
0 671
0 672
0 673
0 674
0 675
0 676
0 677
0 678
0 679
0 680
0 681
0 682
0 683
0 684
0 685
0 686
0 687
0 688
0 689
0 690
0 691
0 692
0 693
0 694
0 695
0 696
0 697
0 698
0 699
0 700
0 701
0 702
0 703
0 704
0 705
0 706
0 707
0 708
0 709
0 710
0 711
0 712
0 713
0 714
0 715
0 716
0 717
0 718
0 719
0 720
0 721
0 722
0 723
0 724
0 725
0 726
0 727
0 728
0 729
0 730
0 731
0 732
0 733
0 734
0 735
0 736
0 737
0 738
0 739
0 740
0 741
0 742
0 743
0 744
0 745
0 746
0 747
0 748
0 749
0 750
0 751
0 752
0 753
0 754
0 755
0 756
0 757
0 758
0 759
0 760
0 761
0 762
0 763
0 764
0 765
0 766
0 767
0 768
0 769
0 770
0 771
0 772
0 773
0 774
0 775
0 776
0 777
0 778
0 779
0 780
0 781
0 782
0 783
0 784
0 785
0 786
0 787
0 788
0 789
0 790
0 791
1 338
1 524
2 160
2 376
2 466
2 562
2 666
2 788
3 84
3 124
3 331
3 498
4 52
4 124
4 125
4 173
4 336
4 494
4 755
5 421
5 475
6 37
6 83
6 372
6 400
6 493
6 496
6 531
6 562
7 8
7 90
7 449
7 466
7 481
7 507
7 536
7 574
7 614
7 739
7 740
8 112
8 263
8 333
8 605
9 584
9 594
9 623
9 752
10 181
10 259
11 587
11 668
11 681
11 705
12 47
12 52
12 298
12 706
13 95
13 149
13 311
13 321
13 444
13 482
13 503
13 539
13 546
13 653
13 668
14 27
14 117
14 187
14 291
14 492
14 676
15 38
15 85
15 320
15 475
15 487
15 540
15 593
15 599
15 633
16 254
16 352
16 577
16 714
17 130
17 199
17 443
17 690
18 427
18 445
18 478
18 689
18 780
19 113
19 495
19 724
20 47
20 262
20 357
20 475
20 530
20 606
20 609
20 699
20 778
21 49
21 294
21 613
21 687
22 287
22 442
22 502
22 589
23 186
23 258
23 490
23 502
23 641
23 671
24 50
24 60
24 90
24 446
24 461
25 140
25 228
25 238
25 266
25 304
25 350
25 626
25 771
26 86
26 116
26 148
26 280
26 284
26 343
26 345
26 463
26 660
26 721
27 134
27 374
27 522
28 149
28 256
28 306
28 359
28 400
28 616
28 664
29 202
29 389
29 401
29 577
29 591
29 724
30 61
30 110
30 149
30 347
30 366
30 734
31 35
31 376
31 401
31 402
31 461
31 739
32 72
32 215
32 538
33 43
33 415
34 231
34 257
34 397
34 574
35 102
35 302
35 317
35 589
35 666
35 734
36 52
36 155
36 274
36 363
36 417
36 503
37 61
37 90
37 177
37 218
37 336
37 380
37 491
37 496
37 564
37 618
37 719
38 140
38 206
38 210
38 219
38 534
38 587
38 698
38 737
39 169
39 183
39 298
39 311
39 526
40 187
40 696
41 69
41 78
41 96
41 99
41 506
42 674
42 679
43 262
43 334
43 636
44 245
44 441
44 730
45 116
45 250
45 274
45 319
45 527
45 599
45 604
45 727
46 140
46 515
46 692
46 759
47 117
47 132
47 173
47 240
47 290
47 347
47 691
47 728
48 87
48 100
48 140
48 179
48 235
48 254
48 637
48 756
49 59
49 119
49 445
49 551
49 557
49 624
49 674
50 88
50 89
50 183
50 209
50 346
50 452
50 681
50 749
51 172
51 213
51 290
51 322
51 359
51 415
51 655
52 185
52 469
52 488
53 220
53 307
53 347
53 477
54 125
54 174
54 199
54 239
54 276
54 378
54 408
54 517
54 539
54 562
54 649
54 787
55 261
55 348
55 374
55 391
55 440
55 616
55 638
55 666
55 742
56 77
56 142
56 169
56 742
57 480
57 493
58 377
58 482
58 512
58 567
59 63
59 90
59 98
59 153
59 296
59 409
59 517
59 577
59 664
60 223
60 401
60 450
60 612
60 733
60 782
61 94
61 473
62 210
62 275
62 370
62 611
62 765
62 782
63 497
63 634
63 646
64 139
64 400
64 712
65 161
65 226
65 302
65 486
66 411
66 529
67 241
68 164
68 188
68 197
68 596
68 699
69 87
69 303
69 527
69 585
70 84
70 187
70 283
70 520
70 584
70 606
71 105
71 514
71 517
71 658
71 664
71 782
71 787
72 330
72 404
72 735
73 173
73 451
73 781
74 190
74 219
74 293
74 394
74 438
75 163
75 197
75 249
75 457
75 532
75 535
75 624
75 649
75 674
76 348
76 418
76 477
76 492
76 563
76 730
76 733
77 233
77 534
77 595
78 275
78 316
78 347
78 394
78 578
78 683
78 718
79 290
79 413
79 430
79 437
80 180
80 282
80 328
80 519
81 103
81 160
81 349
81 380
81 386
81 438
81 485
81 538
82 115
82 169
82 317
82 384
82 444
82 479
82 589
82 593
82 700
83 180
83 213
83 321
83 552
83 760
84 285
84 361
84 620
84 682
84 783
85 259
85 405
85 470
85 652
85 671
85 692
85 782
86 136
86 166
86 219
86 642
86 728
87 223
87 237
87 276
87 586
88 258
88 268
88 338
88 411
88 496
88 576
88 652
89 611
89 683
90 130
90 432
90 599
91 128
91 133
91 236
91 454
91 538
91 645
91 717
92 171
92 219
92 228
92 442
92 451
92 487
92 567
93 353
93 401
94 147
94 500
94 561
94 631
94 635
95 338
95 381
95 509
95 625
95 733
96 373
96 430
96 442
96 581
96 692
97 128
97 471
97 475
97 535
97 619
97 634
97 654
98 139
98 220
98 346
98 383
98 582
98 613
99 172
99 185
99 201
99 248
99 270
99 487
99 640
100 243
100 394
100 539
100 604
100 692
101 302
101 426
101 506
101 675
102 251
102 708
102 752
102 770
102 786
103 252
103 673
103 757
104 277
104 470
104 728
104 754
105 160
105 185
105 263
105 373
105 516
105 712
105 782
106 143
106 355
107 130
107 318
107 369
107 705
108 163
108 165
108 176
108 458
108 539
108 598
109 229
109 241
109 325
109 386
109 554
109 555
109 790
110 295
110 320
110 365
110 619
110 719
111 123
111 243
111 526
111 543
111 670
111 727
112 141
112 199
112 355
112 488
112 598
112 630
113 374
113 381
113 446
113 561
114 441
115 411
115 504
115 538
115 553
115 689
115 732
115 781
115 786
116 137
116 249
116 265
116 346
116 473
116 601
116 625
116 720
116 745
117 543
117 772
118 460
118 475
118 600
119 134
119 240
119 426
119 600
119 625
119 731
120 228
120 252
120 319
120 402
120 720
120 740
121 200
121 370
121 471
121 551
121 646
121 698
122 207
122 380
122 475
122 573
122 595
122 646
123 214
123 259
123 267
123 491
123 547
123 574
123 627
123 718
124 295
124 480
124 483
124 503
125 172
125 550
126 277
126 380
126 485
126 502
126 515
126 586
126 699
126 777
127 150
127 153
127 162
127 267
127 291
127 409
127 430
127 602
127 658
128 134
128 201
128 299
128 442
129 135
129 168
129 597
129 649
130 132
130 345
130 471
130 699
130 770
131 137
131 357
131 373
131 441
131 655
132 247
132 542
132 622
132 715
132 779
133 384
133 386
133 397
133 503
133 557
134 391
134 406
134 676
134 681
135 159
135 477
135 485
135 532
135 641
135 770
136 156
136 178
136 193
136 267
136 615
136 643
136 690
136 750
137 181
137 188
137 768
137 788
139 219
139 237
139 741
140 368
140 381
140 401
140 529
140 732
141 255
141 260
141 310
141 380
141 516
142 314
142 443
142 461
142 560
142 626
142 686
143 266
143 304
143 588
144 199
144 203
144 400
144 600
145 286
145 370
145 565
145 640
145 663
145 680
146 148
146 378
146 444
146 505
146 575
146 784
147 150
147 221
147 369
148 284
148 471
148 553
149 266
149 338
149 489
149 619
149 661
149 739
150 248
150 600
150 750
150 782
151 185
151 187
151 204
151 235
151 310
151 414
152 164
152 186
152 335
152 384
153 624
153 717
154 422
154 530
154 602
154 758
155 263
155 264
155 461
155 663
155 699
155 726
156 364
157 193
157 266
157 428
157 764
158 340
158 465
158 526
158 624
158 628
158 719
159 270
159 366
159 373
159 539
160 358
160 469
160 478
160 516
161 253
161 280
161 345
161 431
161 559
162 194
162 236
162 575
162 585
162 595
162 684
163 265
163 293
163 539
163 720
164 485
164 511
164 599
164 663
165 206
165 280
165 328
165 345
165 559
165 606
165 692
166 292
166 298
166 399
166 511
166 683
167 240
167 257
167 567
168 427
168 600
168 649
168 695
168 700
169 215
169 305
170 197
170 280
170 327
170 334
170 339
171 300
171 377
171 422
171 585
171 685
171 703
172 337
172 432
172 447
172 691
173 407
173 500
173 532
173 603
173 620
174 322
174 368
174 407
174 442
175 186
175 503
175 532
175 534
176 244
176 386
176 417
176 471
176 574
177 629
177 668
178 190
178 574
178 677
178 758
179 461
179 463
179 728
179 744
180 233
180 289
180 310
180 428
180 451
180 491
180 512
181 196
181 395
181 403
181 407
181 437
181 502
181 690
181 781
182 186
182 240
182 328
182 354
182 365
182 552
182 749
183 278
183 318
183 394
183 403
183 473
183 483
183 510
183 647
183 685
183 709
184 261
184 353
184 703
184 747
184 768
185 207
185 424
185 516
186 194
186 206
186 335
186 393
186 477
186 553
186 670
186 753
187 192
187 196
187 202
187 319
187 533
187 748
188 210
188 236
188 451
188 466
188 496
188 551
188 618
188 756
189 246
189 591
189 598
189 608
190 397
190 621
190 652
191 561
191 594
191 663
191 664
192 219
192 251
192 290
192 295
192 315
192 399
192 573
193 269
193 381
193 548
193 618
193 732
193 752
194 588
194 712
194 757
194 787
195 235
195 284
195 417
195 454
195 487
195 607
195 779
196 308
196 643
196 702
197 211
197 272
197 300
197 453
197 545
197 636
197 656
198 728
198 741
199 465
199 543
199 669
199 722
200 215
200 225
200 251
200 449
201 655
201 774
202 309
202 549
202 553
202 593
202 634
202 717
203 420
203 705
203 721
204 224
204 300
204 454
204 473
204 544
204 553
204 651
204 680
205 210
205 584
205 606
205 625
205 681
206 219
206 220
206 233
206 315
206 316
206 426
206 576
206 661
207 265
207 345
207 350
208 424
208 506
209 437
209 449
209 480
209 491
209 529
209 580
209 790
210 418
210 524
210 618
210 696
210 736
211 251
211 318
211 399
211 425
211 492
211 575
211 665
211 683
211 758
212 258
212 513
212 637
213 219
213 259
213 338
213 339
213 617
213 624
213 703
214 510
214 758
215 602
215 721
215 730
216 224
216 437
216 760
216 766
217 416
217 469
217 724
218 243
218 379
218 482
218 531
218 589
218 738
219 296
219 592
219 669
219 715
219 790
220 448
220 489
220 621
220 718
221 349
221 378
221 516
221 525
221 682
221 703
221 758
222 293
222 366
222 416
222 582
222 619
222 781
223 364
223 589
223 636
223 685
225 355
225 550
225 644
225 750
225 782
226 524
227 522
227 614
227 618
227 667
227 760
228 282
228 656
228 740
228 742
228 775
229 348
229 366
229 603
229 659
230 388
230 429
230 705
230 781
231 267
231 284
231 299
231 354
231 486
231 769
232 268
232 309
232 326
232 362
232 403
232 414
232 512
232 583
232 729
233 279
233 407
233 490
233 673
233 732
233 744
233 768
233 783
234 735
234 746
235 297
235 444
235 568
236 261
236 286
236 358
236 424
237 366
237 395
237 446
237 598
237 645
237 676
237 745
237 757
239 270
239 530
239 756
239 762
240 694
241 263
241 498
241 570
241 604
241 761
242 438
242 439
242 572
242 628
242 713
243 286
243 351
243 411
243 412
243 448
243 510
243 528
243 699
244 349
244 607
245 252
245 406
245 548
246 362
246 364
246 701
247 656
247 756
248 305
249 738
250 404
250 521
251 324
251 408
251 434
251 704
251 761
252 509
252 530
253 329
253 366
253 375
253 758
254 323
254 381
254 418
254 527
254 550
254 581
254 722
255 376
255 471
255 492
255 549
256 279
256 462
256 492
257 271
257 563
257 676
258 320
258 333
258 395
258 434
258 469
258 477
258 608
258 775
259 361
259 372
259 384
259 457
259 678
260 346
260 361
260 493
261 310
261 598
261 724
262 284
262 333
262 403
262 644
262 654
262 721
263 625
263 676
263 718
264 267
264 678
264 709
265 358
265 756
266 397
266 466
266 696
267 312
267 321
267 384
267 387
267 420
267 760
267 767
268 282
268 287
268 459
268 486
269 273
269 509
269 688
270 414
270 430
271 355
271 510
272 371
272 393
272 630
272 741
273 359
273 415
273 639
273 675
273 698
273 758
274 291
274 377
274 392
275 414
275 532
275 623
275 659
275 676
276 525
276 660
277 704
278 507
278 669
279 383
279 438
279 557
279 561
279 644
279 689
279 785
280 498
280 516
280 747
281 364
281 462
281 490
282 518
282 599
282 610
282 679
283 297
283 304
283 650
284 386
284 433
284 514
285 373
285 406
285 635
285 791
286 437
286 446
286 581
286 584
286 693
286 753
286 778
287 300
287 301
287 725
287 779
288 359
288 642
288 760
288 776
288 787
289 316
289 332
289 359
289 505
289 530
289 535
289 630
289 706
290 347
290 539
290 631
290 637
290 641
290 772
291 345
291 431
291 444
292 299
292 350
292 410
292 558
293 486
293 490
294 304
294 501
294 640
294 774
294 789
295 348
295 511
295 609
295 641
295 687
296 790
297 299
297 327
297 456
297 561
297 662
298 437
299 380
299 461
299 622
299 759
300 334
300 474
300 688
300 730
300 731
301 671
301 725
302 342
302 367
302 446
302 603
302 620
302 746
302 791
303 384
303 432
304 428
304 617
304 639
304 675
304 741
304 743
305 322
305 425
305 492
305 538
305 566
305 665
305 720
305 785
306 657
307 408
307 421
307 744
307 786
308 315
308 422
308 519
308 688
309 338
309 637
309 695
309 719
310 688
311 773
311 784
312 386
312 407
312 587
313 341
313 351
313 489
313 672
313 726
313 781
313 788
314 478
314 500
314 534
315 636
315 676
316 409
316 433
316 583
317 524
317 546
317 567
317 658
317 662
318 400
318 423
318 566
318 672
318 730
318 738
319 559
319 588
319 749
320 380
320 593
320 662
321 410
321 473
321 578
321 579
321 626
321 628
321 674
321 742
322 350
322 389
322 429
322 522
322 531
323 331
324 334
324 355
324 429
324 588
324 634
324 695
325 403
325 450
325 740
325 747
326 361
326 648
326 662
327 346
327 386
327 477
327 690
328 461
328 591
328 754
329 672
329 746
330 345
330 394
330 449
330 675
331 419
331 541
331 756
331 759
332 334
332 491
332 654
332 660
333 364
333 574
333 612
333 638
333 716
333 761
334 599
334 651
334 717
335 465
335 527
336 436
336 484
337 347
337 644
338 443
338 695
338 728
339 378
339 386
340 395
340 403
340 518
340 525
341 485
341 620
342 361
342 537
342 588
343 623
343 705
343 773
344 397
344 736
344 781
345 365
345 757
345 776
346 404
346 432
346 608
347 425
347 783
348 458
348 512
348 611
348 647
348 707
349 419
349 549
349 686
350 406
350 466
350 474
350 537
350 557
350 583
350 744
351 507
351 536
351 575
352 433
352 475
352 675
352 692
352 736
352 764
353 389
353 395
353 406
353 493
353 513
353 607
353 759
353 770
354 471
354 582
354 679
354 783
355 357
355 502
355 611
355 764
356 655
358 388
358 427
358 451
358 499
359 362
359 495
359 518
359 525
359 527
359 624
359 657
359 670
360 507
361 521
361 543
361 661
362 556
362 643
362 650
363 444
363 502
364 416
364 470
365 595
366 378
366 383
366 630
366 636
366 639
366 649
366 767
367 521
367 596
367 681
368 591
368 681
368 685
369 535
370 393
370 455
370 499
370 580
371 462
372 434
372 448
372 460
372 571
372 654
372 715
372 721
373 411
373 418
373 576
373 670
374 505
374 557
375 599
375 604
376 431
376 490
376 508
377 437
377 612
377 683
377 713
377 771
378 403
378 415
378 445
378 606
379 433
380 419
380 426
380 496
380 506
380 577
380 587
380 606
381 439
383 386
383 498
383 749
384 478
384 546
384 628
384 777
385 467
385 585
385 691
386 409
386 539
386 685
387 442
387 459
387 537
387 543
387 569
387 571
387 667
388 510
388 556
389 575
389 710
389 723
390 586
390 608
390 654
390 753
391 529
391 580
391 614
391 690
392 571
393 650
393 652
394 471
394 716
394 749
394 780
395 438
395 589
395 671
395 700
396 742
396 783
397 426
397 555
397 642
397 670
398 467
399 465
399 533
399 551
399 637
400 541
401 586
401 783
402 503
402 745
403 415
403 548
403 566
403 579
403 604
403 616
403 640
403 651
404 453
404 529
404 538
404 573
404 608
405 504
405 667
406 645
406 710
407 567
407 636
407 685
408 690
409 511
409 531
409 686
412 579
412 592
412 692
413 538
413 567
413 700
414 437
414 643
414 773
415 685
416 532
418 634
418 641
419 558
419 596
419 693
420 479
420 543
421 519
421 575
421 588
423 573
423 705
423 786
425 480
425 557
425 565
425 602
425 605
425 612
426 427
426 480
426 631
427 653
427 667
427 735
427 783
428 706
428 770
429 533
429 554
429 582
429 711
430 554
430 681
431 502
432 497
432 501
432 533
432 740
433 468
433 628
433 771
434 506
434 543
434 591
434 663
434 674
434 681
434 702
434 722
434 724
435 647
435 711
435 726
435 734
435 746
436 513
436 553
436 565
436 578
436 601
437 554
437 578
437 684
437 782
438 567
438 701
440 509
440 573
440 597
440 612
440 714
440 778
441 465
441 490
441 546
441 591
441 710
442 520
443 535
443 556
443 603
443 627
443 682
444 657
444 734
445 643
445 686
445 758
446 614
446 648
446 710
446 736
447 702
448 503
448 522
448 527
448 786
449 747
449 753
450 489
450 600
450 603
450 623
450 635
451 628
451 635
451 764
452 529
452 589
452 598
452 643
453 576
453 649
453 683
453 762
453 780
454 586
454 765
455 691
455 729
456 548
456 699
457 581
457 632
457 719
458 529
458 551
458 714
458 743
459 657
459 695
459 749
460 582
460 653
461 506
461 539
461 591
461 636
461 738
462 566
462 669
463 476
463 556
464 624
465 471
465 504
465 715
466 652
466 718
466 772
467 518
467 587
467 693
467 781
468 490
468 500
468 559
468 568
468 622
468 706
468 774
469 639
469 648
469 711
469 786
471 480
471 775
472 497
472 530
473 578
473 689
473 714
473 721
474 614
475 667
475 716
476 535
476 578
476 745
477 562
477 705
477 736
477 742
478 714
478 761
478 788
479 533
479 615
479 705
479 730
481 522
482 496
482 674
482 718
483 552
483 576
483 638
483 645
483 705
483 711
483 723
484 667
485 496
485 524
485 732
486 687
486 779
487 493
487 503
487 789
488 502
488 504
488 541
488 707
489 501
489 523
489 776
490 706
491 592
491 628
491 728
491 746
492 627
493 543
493 632
493 637
493 781
494 579
494 613
494 640
495 624
495 770
496 516
496 586
496 598
496 626
496 627
497 577
497 667
498 589
500 515
500 568
500 609
500 746
501 506
501 731
502 705
503 540
503 544
504 656
505 691
506 525
506 598
506 604
506 758
507 729
508 704
509 624
509 634
510 516
510 622
510 761
511 536
511 543
511 566
511 659
512 570
512 663
512 732
513 522
513 667
513 725
515 666
515 791
517 521
517 564
517 779
518 519
518 608
519 574
520 564
520 565
520 691
520 746
520 780
521 752
522 606
523 559
523 754
524 544
524 684
526 604
526 617
527 578
527 580
527 642
527 652
528 664
530 598
531 677
532 556
532 569
532 584
532 755
532 757
533 549
533 752
534 686
534 700
535 642
536 580
536 749
537 621
538 666
538 740
539 662
539 725
539 731
539 755
540 632
540 641
540 731
542 590
542 673
543 571
544 553
544 586
545 587
545 652
545 778
546 686
546 727
547 657
547 668
547 675
547 772
550 789
551 567
551 619
553 645
554 562
554 619
554 643
554 674
554 754
554 775
555 783
555 791
556 622
556 624
556 648
557 584
557 629
557 782
559 655
560 589
560 778
560 786
561 578
562 636
562 790
563 616
564 742
564 758
567 575
567 786
568 587
568 649
568 703
568 756
568 764
569 588
569 589
569 668
571 627
571 667
572 612
572 671
572 672
573 724
574 577
574 621
574 640
575 740
576 751
577 639
577 679
578 594
578 705
581 584
582 618
584 640
585 791
587 608
587 731
588 594
588 646
588 751
589 593
589 726
589 760
591 783
592 757
597 601
597 612
598 691
598 703
598 756
599 661
599 787
600 628
600 697
601 689
601 733
602 699
603 716
604 673
606 609
606 711
607 680
607 741
608 637
608 650
608 701
608 718
608 773
609 742
610 653
610 733
611 724
614 617
615 740
616 661
617 713
617 715
617 790
619 672
619 697
623 760
624 745
625 632
625 733
627 723
628 637
628 646
628 734
629 689
629 715
630 634
630 720
630 739
632 713
633 649
633 687
634 647
634 765
635 711
635 756
637 648
637 764
638 777
640 749
642 651
643 751
643 788
644 725
646 720
647 707
647 791
648 720
651 740
651 741
652 699
652 709
652 710
652 715
652 764
655 733
658 715
659 712
661 760
661 765
662 688
662 786
663 761
664 668
665 721
665 743
667 764
667 784
670 722
670 741
671 766
672 700
672 735
673 720
674 736
675 785
676 782
678 713
678 755
680 707
683 712
684 713
685 709
686 765
686 783
687 730
687 766
689 714
690 740
692 704
693 753
695 752
700 774
701 745
702 758
703 751
705 739
705 742
706 761
707 713
709 720
709 773
709 783
713 767
713 786
716 729
718 726
720 779
721 722
722 775
728 782
733 742
735 755
743 785
743 788
745 747
746 748
755 779
756 769
765 776
765 779
765 787
768 774
782 787
785 791
792 247
792 793
792 794
792 795
793 675
793 794
793 795
794 80
794 795
795 749
