870 3462
0 1
0 2
0 3
0 4
0 5
0 6
0 7
0 8
0 9
0 10
0 11
0 12
0 13
0 14
0 15
0 16
0 17
0 18
0 19
0 20
0 21
0 22
0 23
0 24
0 25
0 26
0 27
0 28
0 29
0 30
0 31
0 32
0 33
0 34
0 35
0 36
0 37
0 38
0 39
0 40
0 41
0 42
0 43
0 44
0 45
0 46
0 47
0 48
0 49
0 50
0 51
0 52
0 53
0 54
0 55
0 56
0 57
0 58
0 59
0 60
0 61
0 62
0 63
0 64
0 65
0 66
0 67
0 68
0 69
0 70
0 71
0 72
0 73
0 74
0 75
0 76
0 77
0 78
0 79
0 80
0 81
0 82
0 83
0 84
0 85
0 86
0 87
0 88
0 89
0 90
0 91
0 92
0 93
0 94
0 95
0 96
0 97
0 98
0 99
0 100
0 101
0 102
0 103
0 104
0 105
0 106
0 107
0 108
0 109
0 110
0 111
0 112
0 113
0 114
0 115
0 116
0 117
0 118
0 119
0 120
0 121
0 122
0 123
0 124
0 125
0 126
0 127
0 128
0 129
0 130
0 131
0 132
0 133
0 134
0 135
0 136
0 137
0 138
0 139
0 140
0 141
0 142
0 143
0 144
0 145
0 146
0 147
0 148
0 149
0 150
0 151
0 152
0 153
0 154
0 155
0 156
0 157
0 158
0 159
0 160
0 161
0 162
0 163
0 164
0 165
0 166
0 167
0 168
0 169
0 170
0 171
0 172
0 173
0 174
0 175
0 176
0 177
0 178
0 179
0 180
0 181
0 182
0 183
0 184
0 185
0 186
0 187
0 188
0 189
0 190
0 191
0 192
0 193
0 194
0 195
0 196
0 197
0 198
0 199
0 200
0 201
0 202
0 203
0 204
0 205
0 206
0 207
0 208
0 209
0 210
0 211
0 212
0 213
0 214
0 215
0 216
0 217
0 218
0 219
0 220
0 221
0 222
0 223
0 224
0 225
0 226
0 227
0 228
0 229
0 230
0 231
0 232
0 233
0 234
0 235
0 236
0 237
0 238
0 239
0 240
0 241
0 242
0 243
0 244
0 245
0 246
0 247
0 248
0 249
0 250
0 251
0 252
0 253
0 254
0 255
0 256
0 257
0 258
0 259
0 260
0 261
0 262
0 263
0 264
0 265
0 266
0 267
0 268
0 269
0 270
0 271
0 272
0 273
0 274
0 275
0 276
0 277
0 278
0 279
0 280
0 281
0 282
0 283
0 284
0 285
0 286
0 287
0 288
0 289
0 290
0 291
0 292
0 293
0 294
0 295
0 296
0 297
0 298
0 299
0 300
0 301
0 302
0 303
0 304
0 305
0 306
0 307
0 308
0 309
0 310
0 311
0 312
0 313
0 314
0 315
0 316
0 317
0 318
0 319
0 320
0 321
0 322
0 323
0 324
0 325
0 326
0 327
0 328
0 329
0 330
0 331
0 332
0 333
0 334
0 335
0 336
0 337
0 338
0 339
0 340
0 341
0 342
0 343
0 344
0 345
0 346
0 347
0 348
0 349
0 350
0 351
0 352
0 353
0 354
0 355
0 356
0 357
0 358
0 359
0 360
0 361
0 362
0 363
0 364
0 365
0 366
0 367
0 368
0 369
0 370
0 371
0 372
0 373
0 374
0 375
0 376
0 377
0 378
0 379
0 380
0 381
0 382
0 383
0 384
0 385
0 386
0 387
0 388
0 389
0 390
0 391
0 392
0 393
0 394
0 395
0 396
0 397
0 398
0 399
0 400
0 401
0 402
0 403
0 404
0 405
0 406
0 407
0 408
0 409
0 410
0 411
0 412
0 413
0 414
0 415
0 416
0 417
0 418
0 419
0 420
0 421
0 422
0 423
0 424
0 425
0 426
0 427
0 428
0 429
0 430
0 431
0 432
0 433
0 434
0 435
0 436
0 437
0 438
0 439
0 440
0 441
0 442
0 443
0 444
0 445
0 446
0 447
0 448
0 449
0 450
0 451
0 452
0 453
0 454
0 455
0 456
0 457
0 458
0 459
0 460
0 461
0 462
0 463
0 464
0 465
0 466
0 467
0 468
0 469
0 470
0 471
0 472
0 473
0 474
0 475
0 476
0 477
0 478
0 479
0 480
0 481
0 482
0 483
0 484
0 485
0 486
0 487
0 488
0 489
0 490
0 491
0 492
0 493
0 494
0 495
0 496
0 497
0 498
0 499
0 500
0 501
0 502
0 503
0 504
0 505
0 506
0 507
0 508
0 509
0 510
0 511
0 512
0 513
0 514
0 515
0 516
0 517
0 518
0 519
0 520
0 521
0 522
0 523
0 524
0 525
0 526
0 527
0 528
0 529
0 530
0 531
0 532
0 533
0 534
0 535
0 536
0 537
0 538
0 539
0 540
0 541
0 542
0 543
0 544
0 545
0 546
0 547
0 548
0 549
0 550
0 551
0 552
0 553
0 554
0 555
0 556
0 557
0 558
0 559
0 560
0 561
0 562
0 563
0 564
0 565
0 566
0 567
0 568
0 569
0 570
0 571
0 572
0 573
0 574
0 575
0 576
0 577
0 578
0 579
0 580
0 581
0 582
0 583
0 584
0 585
0 586
0 587
0 588
0 589
0 590
0 591
0 592
0 593
0 594
0 595
0 596
0 597
0 598
0 599
0 600
0 601
0 602
0 603
0 604
0 605
0 606
0 607
0 608
0 609
0 610
0 611
0 612
0 613
0 614
0 615
0 616
0 617
0 618
0 619
0 620
0 621
0 622
0 623
0 624
0 625
0 626
0 627
0 628
0 629
0 630
0 631
0 632
0 633
0 634
0 635
0 636
0 637
0 638
0 639
0 640
0 641
0 642
0 643
0 644
0 645
0 646
0 647
0 648
0 649
0 650
0 651
0 652
0 653
0 654
0 655
0 656
0 657
0 658
0 659
0 660
0 661
0 662
0 663
0 664
0 665
0 666
0 667
0 668
0 669
0 670
0 671
0 672
0 673
0 674
0 675
0 676
0 677
0 678
0 679
0 680
0 681
0 682
0 683
0 684
0 685
0 686
0 687
0 688
0 689
0 690
0 691
0 692
0 693
0 694
0 695
0 696
0 697
0 698
0 699
0 700
0 701
0 702
0 703
0 704
0 705
0 706
0 707
0 708
0 709
0 710
0 711
0 712
0 713
0 714
0 715
0 716
0 717
0 718
0 719
0 720
0 721
0 722
0 723
0 724
0 725
0 726
0 727
0 728
0 729
0 730
0 731
0 732
0 733
0 734
0 735
0 736
0 737
0 738
0 739
0 740
0 741
0 742
0 743
0 744
0 745
0 746
0 747
0 748
0 749
0 750
0 751
0 752
0 753
0 754
0 755
0 756
0 757
0 758
0 759
0 760
0 761
0 762
0 763
0 764
0 765
0 766
0 767
0 768
0 769
0 770
0 771
0 772
0 773
0 774
0 775
0 776
0 777
0 778
0 779
0 780
0 781
0 782
0 783
0 784
0 785
0 786
0 787
0 788
0 789
0 790
0 791
0 792
0 793
0 794
0 795
0 796
0 797
0 798
0 799
0 800
0 801
0 802
0 803
0 804
0 805
0 806
0 807
0 808
0 809
0 810
0 811
0 812
0 813
0 814
0 815
0 816
0 817
0 818
0 819
0 820
0 821
0 822
0 823
0 824
0 825
0 826
0 827
0 828
0 829
0 830
0 831
0 832
0 833
0 834
0 835
0 836
0 837
0 838
0 839
0 840
0 841
0 842
0 843
0 844
0 845
0 846
0 847
0 848
0 849
0 850
0 851
0 852
0 853
0 854
0 855
0 856
0 857
0 858
0 859
0 860
0 861
0 862
0 863
0 864
0 865
1 333
1 446
1 713
1 744
1 783
2 101
2 102
2 153
2 180
2 531
2 701
2 754
2 779
2 827
3 52
3 58
3 179
3 295
3 482
3 555
3 764
4 41
4 156
4 195
4 253
4 423
4 607
4 608
4 614
4 728
4 781
4 820
4 833
5 254
5 801
6 118
6 290
6 301
6 672
6 674
6 709
6 727
6 833
7 94
7 109
7 296
7 330
7 563
7 609
7 686
8 31
8 171
8 325
8 326
8 387
8 471
8 777
9 105
9 140
10 84
10 211
10 444
10 563
10 661
11 270
11 335
11 708
11 807
12 120
12 196
12 387
12 490
12 501
12 707
13 362
13 363
13 520
13 578
13 584
13 799
14 305
14 443
14 453
14 482
14 486
14 553
14 570
14 807
15 82
15 106
15 109
15 207
15 415
15 459
15 650
15 683
15 689
15 810
16 42
16 43
16 143
16 250
16 261
17 68
17 78
17 188
17 545
17 575
17 580
17 771
17 808
18 208
18 356
18 550
18 802
19 302
19 451
19 455
19 644
20 27
20 55
20 218
20 395
20 454
20 537
20 720
20 743
21 112
21 256
21 506
21 540
21 723
22 108
22 233
22 396
23 29
23 99
23 179
23 280
23 846
23 854
24 39
24 166
24 463
24 618
24 644
24 684
25 110
25 241
25 313
25 468
25 858
26 38
26 274
26 476
26 503
26 615
27 76
27 341
27 638
27 699
27 773
27 783
28 91
28 457
28 761
28 864
29 69
29 89
29 798
30 100
30 184
30 305
30 468
30 536
30 778
30 780
30 810
30 836
31 201
31 279
31 308
31 434
31 638
32 448
32 490
32 673
33 165
33 275
33 366
33 388
33 487
33 504
33 584
33 859
34 209
34 234
34 324
34 614
34 630
34 755
35 70
35 93
35 96
35 170
35 416
35 510
35 635
36 64
36 112
36 128
36 243
36 532
37 129
37 416
37 523
37 565
37 687
38 174
38 219
38 301
38 603
38 646
38 751
38 755
39 313
39 729
40 68
40 177
40 235
40 509
40 709
41 257
41 341
41 365
41 464
41 812
42 104
42 226
42 254
42 737
43 97
43 605
43 635
43 727
43 765
44 125
44 496
44 623
44 712
45 95
45 120
45 469
45 564
45 719
46 169
46 352
47 154
47 211
47 225
47 229
47 249
47 570
47 599
47 736
47 784
48 133
48 188
48 225
48 240
48 443
48 493
48 572
48 780
48 825
49 89
49 372
49 375
49 508
49 516
49 852
50 246
50 310
50 499
50 581
50 597
50 730
51 278
51 292
51 390
51 617
51 709
51 850
52 276
52 328
52 337
52 370
52 462
52 690
52 731
52 786
53 65
53 143
53 152
53 408
53 583
53 654
53 670
53 780
53 804
54 473
54 586
54 592
54 847
55 158
55 433
55 458
55 542
55 666
55 680
55 781
55 810
56 608
56 724
57 301
57 413
57 455
57 655
57 711
57 783
57 812
57 863
58 400
58 424
58 484
59 62
59 125
59 152
59 213
59 220
59 261
59 293
59 296
59 533
59 575
59 587
59 750
59 805
60 147
60 315
60 383
60 548
60 631
61 227
62 625
63 67
63 375
63 457
63 475
63 811
64 241
64 286
64 633
64 654
64 709
64 733
65 215
65 631
65 689
65 834
65 849
66 324
66 719
67 116
67 313
67 381
67 575
67 614
67 664
67 793
68 142
68 285
68 414
68 417
68 509
68 606
69 109
69 325
70 353
70 407
70 441
70 512
70 695
71 154
71 463
71 776
71 829
72 174
72 257
72 374
72 474
72 550
72 582
72 593
72 619
73 82
73 176
73 361
73 459
73 461
73 492
74 532
74 552
74 589
74 762
74 812
75 121
75 209
75 240
75 361
75 570
75 633
75 699
75 708
75 756
76 198
76 334
76 532
76 607
76 631
76 649
77 211
77 362
77 849
78 368
78 413
78 543
78 660
79 105
79 214
79 313
79 335
79 671
79 721
80 256
80 340
80 467
80 620
80 649
80 689
81 117
81 277
81 287
81 555
81 600
81 626
81 672
81 780
81 812
82 94
82 290
82 418
82 648
82 669
82 732
82 754
82 777
82 781
82 812
83 164
83 280
83 293
83 355
83 477
83 539
83 560
83 561
84 92
84 218
84 256
84 281
84 417
84 512
84 559
84 621
84 678
84 714
85 155
85 291
85 335
85 337
85 704
85 706
86 170
86 257
86 624
87 140
87 229
87 376
87 510
87 553
87 624
87 690
87 696
87 772
87 782
88 630
89 252
89 260
89 271
89 298
89 448
89 703
90 413
90 505
90 539
90 656
90 853
91 324
91 372
91 676
92 847
93 191
93 192
93 403
93 514
93 544
93 641
93 751
93 856
94 181
94 576
95 96
95 109
95 234
95 288
95 508
95 610
95 625
95 765
95 793
96 135
96 136
96 230
96 312
96 388
96 446
96 539
96 814
97 383
97 414
97 838
98 103
98 140
98 483
98 701
99 263
99 785
100 112
100 118
100 336
100 450
100 494
100 561
100 707
101 206
101 225
101 758
101 785
101 793
102 205
102 445
102 455
102 507
102 558
102 728
103 148
103 276
103 369
103 656
103 682
103 698
103 723
103 798
104 123
104 158
104 243
104 253
104 405
104 616
104 768
105 501
105 525
105 713
105 779
105 835
106 155
106 211
106 221
106 827
107 156
107 178
107 272
107 776
108 283
108 412
108 462
108 663
109 141
109 159
109 573
110 368
110 369
110 499
110 546
110 788
110 825
111 311
111 390
111 425
111 445
111 469
111 495
111 552
111 574
111 610
111 631
111 667
111 703
111 739
112 172
112 264
112 409
112 605
112 662
112 694
112 726
112 752
113 251
113 386
113 646
113 687
114 225
114 238
114 286
114 313
114 494
114 577
114 586
114 737
114 783
115 177
115 323
115 546
115 636
116 415
116 431
116 709
117 160
117 539
118 264
118 642
118 647
119 362
119 397
119 704
119 765
119 847
120 252
120 725
120 748
121 150
121 215
121 359
121 626
121 664
121 697
121 698
121 715
122 139
122 141
122 317
122 446
122 551
122 708
122 721
122 776
122 784
124 182
124 192
124 565
124 573
124 794
125 533
125 566
125 606
125 663
125 675
125 819
125 842
126 241
126 661
127 271
127 691
128 139
128 206
128 371
128 772
129 201
129 324
129 358
129 399
129 418
129 519
129 573
129 629
129 675
129 778
130 366
130 519
130 522
130 645
130 691
130 749
131 271
131 375
131 417
131 617
131 630
131 728
132 373
132 451
132 464
132 481
132 669
132 853
133 257
133 435
133 534
133 539
133 722
134 258
134 398
134 770
135 288
135 463
135 532
136 386
136 437
136 511
136 658
137 197
137 386
137 534
138 426
138 553
138 730
139 409
139 819
139 830
140 454
140 456
140 658
140 747
140 811
141 258
141 373
141 421
141 555
141 726
142 323
142 332
142 433
142 739
143 751
143 765
143 797
143 819
144 339
144 395
144 480
144 483
145 179
145 281
145 305
145 326
145 475
145 502
145 516
145 665
146 293
146 601
146 612
146 683
147 423
147 444
147 652
147 815
148 332
148 494
148 600
148 857
149 181
149 362
149 397
149 707
149 795
149 836
150 183
150 252
150 326
150 416
152 238
152 267
152 316
152 400
152 745
152 830
152 854
153 190
153 220
153 343
153 374
153 533
153 756
153 781
153 806
154 155
154 204
154 218
154 617
154 646
154 732
155 266
155 566
155 578
155 746
155 794
156 281
156 352
156 738
156 827
157 402
157 482
157 583
157 613
157 753
157 806
157 813
158 256
158 259
158 591
158 664
158 727
158 734
159 164
159 247
159 355
159 365
159 503
159 515
159 566
159 694
160 236
160 631
160 652
160 788
161 229
161 295
161 306
161 342
161 367
161 401
161 554
161 591
162 257
162 331
162 420
162 467
162 492
162 503
162 531
162 622
162 721
162 841
163 185
163 524
163 822
164 202
164 238
164 311
164 382
164 567
164 669
164 709
165 503
166 198
166 213
166 363
166 531
166 579
166 857
167 176
167 187
167 195
168 379
168 540
168 855
169 378
169 513
169 819
170 286
170 291
170 505
170 583
170 633
170 720
170 793
170 814
171 300
171 344
171 396
171 424
171 727
171 862
172 214
172 494
172 697
173 193
173 220
173 308
173 362
173 398
173 596
173 733
174 188
174 234
174 505
174 633
174 731
174 801
175 330
175 374
175 645
175 840
176 271
176 479
176 543
176 644
176 648
176 719
176 828
177 298
177 409
177 466
177 700
177 721
177 762
177 789
178 193
178 208
178 463
178 554
178 643
179 187
179 354
179 381
179 404
179 702
179 809
180 312
180 456
180 707
180 788
180 853
182 187
182 850
183 187
183 202
183 621
183 665
184 261
184 274
184 336
184 483
184 512
184 539
184 543
184 649
184 698
184 844
185 246
185 516
185 740
186 464
186 574
186 587
186 645
186 801
186 854
187 238
187 412
187 517
187 589
187 841
187 846
188 267
188 293
188 481
188 626
188 736
189 339
189 454
189 533
189 642
189 700
190 522
190 757
190 770
191 298
191 548
191 707
192 214
192 518
192 569
192 583
192 614
192 625
192 797
193 277
193 315
193 344
193 622
193 666
193 816
194 472
194 563
194 687
195 333
195 469
195 666
195 682
195 720
195 809
195 865
196 289
196 370
196 478
196 565
196 612
196 711
196 766
196 792
196 816
197 344
197 510
197 570
197 640
197 840
197 863
199 407
199 609
200 287
200 325
200 404
200 432
200 475
200 513
200 565
200 571
201 440
201 550
202 483
202 621
203 635
203 719
204 586
204 614
204 824
205 337
205 344
205 469
205 499
205 519
206 386
206 578
206 824
206 840
207 209
207 219
207 388
207 454
207 500
207 577
207 617
208 369
208 762
209 386
209 461
209 672
210 736
211 221
211 534
211 788
212 233
212 473
212 490
213 319
213 571
213 731
213 859
214 322
215 457
215 702
215 740
215 807
217 220
217 282
217 308
217 375
217 460
218 310
218 735
219 532
219 583
219 709
219 767
220 294
220 446
220 562
220 765
220 847
221 411
221 487
221 637
221 681
221 704
222 568
222 645
222 689
222 792
222 798
222 855
222 861
223 289
223 649
223 724
224 449
224 539
224 696
224 827
224 849
225 245
225 699
225 731
225 751
226 598
226 611
226 696
226 722
227 400
227 579
227 643
227 722
228 252
228 483
228 739
229 323
229 644
229 722
230 281
230 397
230 734
231 560
231 579
231 598
231 656
231 748
232 274
232 371
232 529
232 759
232 805
232 819
233 512
233 649
233 685
233 783
233 826
234 268
234 654
234 849
235 382
235 772
236 334
236 352
236 503
236 527
236 536
236 696
236 717
237 490
237 553
238 245
238 278
238 357
238 375
238 437
238 515
238 743
238 761
239 292
239 441
239 459
239 558
239 638
239 736
239 800
240 497
240 587
241 319
241 414
241 642
241 787
242 620
243 366
243 387
243 452
243 516
243 589
243 601
243 624
243 716
243 851
244 478
244 516
244 577
244 630
244 678
244 727
245 263
245 292
245 305
245 341
245 742
246 446
246 567
246 626
246 856
247 255
247 374
247 472
247 502
247 556
247 846
248 506
248 844
249 694
249 735
249 752
249 754
249 854
250 590
250 615
250 633
251 669
251 746
252 263
252 443
252 516
252 634
252 733
252 775
252 809
252 838
253 325
253 378
253 533
253 773
253 809
254 306
254 361
254 367
254 433
255 376
255 474
255 805
256 461
256 633
257 350
257 379
257 639
257 721
257 780
258 308
258 384
258 461
258 632
258 749
258 778
259 277
259 685
259 834
260 399
260 676
260 750
261 575
261 579
261 747
262 446
262 449
262 592
262 620
262 687
262 859
263 385
263 731
264 448
264 602
264 636
265 388
265 556
265 578
265 846
266 488
267 603
268 600
268 664
268 675
269 470
269 634
269 678
269 693
270 372
270 622
270 752
271 482
271 633
272 681
273 276
273 331
273 719
273 827
273 862
274 472
274 487
274 546
274 575
274 739
274 747
275 327
275 385
275 415
275 423
275 539
275 818
275 832
276 338
276 622
276 677
276 756
276 862
277 299
277 344
277 366
277 430
277 536
278 287
278 314
278 549
278 668
278 811
279 584
279 646
279 708
279 857
280 322
280 380
280 612
280 799
280 859
281 334
281 378
281 473
281 496
281 717
282 334
282 360
282 628
282 775
282 831
282 839
283 553
283 745
283 836
284 381
284 531
284 707
285 504
285 644
285 849
286 299
286 317
286 404
286 732
286 834
287 309
287 614
287 711
287 787
287 846
287 858
288 303
288 317
288 372
288 376
288 747
289 319
289 357
289 372
289 413
289 429
289 634
289 710
289 734
290 428
290 605
290 710
290 718
290 794
291 355
291 493
291 608
292 342
292 519
292 614
292 630
292 657
292 662
292 822
293 377
293 419
293 457
293 607
293 675
293 705
294 748
294 808
295 405
295 433
295 610
295 665
295 675
295 686
295 728
296 381
296 428
296 542
296 816
297 481
297 711
297 787
298 566
298 780
298 784
298 807
298 839
299 311
299 657
299 670
299 730
299 863
300 459
300 480
300 490
300 775
301 411
301 658
302 460
302 502
302 746
303 389
303 409
303 567
303 601
303 611
303 742
303 794
304 409
304 435
304 620
304 678
304 794
305 337
305 382
305 427
305 569
305 685
306 467
307 368
307 573
307 685
307 756
308 371
308 378
308 439
308 610
309 540
309 542
309 784
309 813
309 824
309 853
310 503
310 612
310 657
310 745
311 781
312 452
312 511
312 605
312 624
312 629
312 630
312 779
313 327
313 389
313 499
313 775
314 449
314 609
315 352
315 355
315 519
315 545
315 662
315 848
316 388
316 429
316 530
316 691
317 427
317 544
317 601
317 621
317 626
317 648
317 765
318 337
318 368
318 497
318 704
319 387
319 401
319 426
320 685
320 725
320 753
321 394
321 412
321 476
321 818
322 362
322 468
322 646
322 747
322 857
323 694
323 798
324 369
324 536
324 563
324 610
325 331
325 454
325 630
326 586
327 354
327 463
327 619
327 632
327 733
328 489
328 509
328 592
328 635
328 690
329 339
329 582
329 799
330 502
330 513
331 436
331 441
332 475
332 544
332 784
333 395
333 604
333 610
333 795
333 814
334 421
334 608
334 654
334 775
335 529
335 793
336 436
336 746
337 529
337 862
338 340
338 519
338 549
338 671
338 710
339 489
339 665
339 710
340 739
341 545
341 584
341 605
342 558
342 666
342 836
343 531
343 638
343 752
343 772
343 805
343 825
344 543
344 550
344 711
344 742
344 762
344 794
344 842
345 485
345 647
346 355
346 694
346 711
347 509
347 571
347 795
348 695
348 824
350 497
350 616
351 393
351 483
351 690
351 705
351 787
352 461
352 506
352 583
352 614
352 643
352 756
353 426
353 546
354 411
354 488
354 563
354 569
354 702
354 863
355 596
355 669
355 834
356 382
356 557
356 752
356 770
356 791
356 814
357 609
357 660
357 786
358 377
358 602
358 690
358 704
358 768
359 403
359 424
359 439
359 483
359 566
359 792
359 849
360 371
360 561
360 610
361 365
361 561
361 629
361 637
361 665
361 682
361 804
362 388
362 655
363 690
364 516
364 615
364 628
364 633
365 375
365 526
365 716
366 738
367 497
367 543
367 746
367 753
368 480
368 761
369 566
369 607
369 668
369 673
369 795
370 606
370 652
370 795
370 812
371 454
371 472
371 701
371 790
372 546
372 650
372 726
373 388
373 422
373 808
373 816
374 687
374 810
375 618
375 678
375 684
376 446
376 481
377 550
377 585
377 651
377 712
378 397
378 643
379 413
379 535
379 637
379 693
379 799
380 704
380 815
381 693
381 816
382 434
382 483
382 492
382 546
382 785
383 393
383 450
383 521
383 563
384 430
384 605
384 687
384 698
384 701
384 770
385 436
385 498
385 525
385 547
385 744
385 793
385 851
386 399
386 591
386 689
387 531
387 541
387 691
387 719
388 476
388 625
388 656
388 706
389 391
389 448
389 509
390 430
390 635
390 668
390 742
391 435
391 639
392 518
392 828
393 610
393 724
393 757
394 573
394 587
395 603
395 854
396 517
396 576
397 512
397 583
397 622
397 822
398 484
398 663
399 421
399 424
399 489
399 520
399 788
400 412
400 598
400 723
400 816
401 465
401 547
401 639
402 481
402 629
402 641
402 671
402 701
402 725
402 736
402 739
402 740
402 784
402 793
402 798
403 680
404 435
404 539
405 519
405 626
406 544
407 813
408 459
408 506
408 562
408 581
408 608
408 643
409 503
409 643
410 582
410 639
410 851
411 471
412 426
412 589
412 805
412 815
413 746
413 791
414 419
414 513
414 673
414 761
414 767
415 528
415 654
415 715
415 781
415 786
415 807
416 771
416 811
416 844
417 518
417 738
418 486
418 515
418 629
418 760
418 762
419 838
420 551
420 638
420 713
420 720
421 450
421 753
422 548
422 691
422 750
423 599
423 815
425 436
425 671
426 429
426 643
426 701
426 794
426 802
426 853
427 526
427 694
427 830
428 476
428 570
428 599
428 859
429 509
429 830
430 677
431 541
431 551
431 763
431 779
431 803
432 488
432 495
432 512
432 526
432 558
432 714
432 741
433 514
434 475
435 691
435 719
436 555
436 621
436 822
436 842
437 504
437 599
437 643
437 725
439 498
439 554
439 733
439 743
440 658
440 681
440 707
440 723
440 860
441 528
441 726
441 753
442 472
442 525
442 570
443 494
443 546
443 794
444 474
446 536
446 599
447 481
447 532
447 673
447 795
448 496
448 655
448 708
449 516
449 664
449 682
449 683
449 688
449 824
449 846
450 756
451 452
452 559
452 839
452 864
453 476
453 582
453 619
453 716
453 731
454 533
454 575
454 662
454 707
454 839
455 549
455 555
455 714
455 851
456 490
456 567
456 789
458 476
458 540
458 688
458 810
459 509
459 517
459 531
459 730
459 732
459 806
459 832
460 567
461 546
461 650
461 814
462 567
462 651
462 701
462 773
462 861
463 580
463 670
464 554
464 661
464 693
465 757
465 784
466 697
467 479
467 513
468 640
468 710
468 793
468 839
469 680
469 776
471 493
471 520
471 626
471 788
471 840
472 630
472 655
472 724
472 739
473 485
473 555
473 578
474 534
474 810
475 688
475 692
475 746
476 503
476 511
476 820
477 581
477 731
477 858
478 522
478 569
478 631
478 656
478 783
478 853
479 571
479 644
479 700
479 757
480 487
480 652
480 657
480 823
481 482
481 657
482 837
483 604
483 630
484 672
484 675
484 832
485 548
485 741
486 499
486 530
486 810
487 505
487 589
487 624
487 829
488 490
488 535
488 667
489 527
489 689
490 534
490 649
490 689
490 702
490 758
490 761
491 563
491 606
491 713
491 726
491 735
491 760
492 625
492 649
492 829
493 633
493 663
493 795
493 850
494 573
494 636
495 587
495 616
495 745
495 825
496 498
496 523
496 546
496 550
498 537
498 641
499 650
499 674
499 701
500 673
501 565
501 580
501 818
502 518
502 734
502 786
503 598
503 624
503 638
503 730
503 734
503 746
503 761
504 548
504 675
505 567
505 586
505 650
506 509
506 523
506 553
506 618
506 648
506 653
506 763
508 726
508 793
509 589
509 626
509 639
509 682
509 683
509 777
511 587
511 762
512 517
512 619
512 777
513 569
513 584
513 720
514 719
514 809
514 812
517 592
517 863
518 624
518 646
518 791
518 812
519 747
519 827
520 535
520 589
520 704
521 674
521 721
521 750
521 811
522 550
522 583
523 754
523 770
523 841
524 581
526 616
527 532
527 579
527 645
527 692
528 553
528 817
528 825
528 844
529 561
529 572
529 710
529 728
530 627
530 661
530 783
530 848
532 546
532 616
532 768
532 832
535 671
535 679
536 714
537 565
537 657
537 860
538 540
538 547
538 618
538 852
541 560
541 716
542 655
542 854
543 731
544 565
544 644
544 676
544 677
544 714
544 792
546 579
546 686
546 784
547 573
547 859
548 567
548 693
549 604
549 796
549 848
549 849
550 604
550 778
551 824
551 832
551 844
552 601
553 683
553 757
553 827
554 571
554 644
554 710
554 718
554 821
554 864
555 665
555 767
556 643
556 784
556 798
557 618
557 655
558 753
558 774
559 578
559 681
559 801
560 639
560 687
562 575
562 716
563 710
564 861
565 601
565 739
566 596
566 669
566 761
567 635
567 796
568 803
569 731
569 794
569 797
570 832
570 852
573 760
573 854
574 619
574 633
574 763
577 602
577 713
577 792
578 790
579 597
580 594
581 800
583 834
584 680
584 700
585 621
586 633
586 855
588 759
589 644
589 831
590 629
590 840
591 668
591 791
591 823
592 692
592 713
592 762
593 627
593 679
594 715
595 681
595 747
595 827
595 858
596 749
596 805
597 784
599 615
599 830
602 783
602 806
603 777
603 811
603 853
604 614
604 672
604 731
604 753
604 791
604 840
605 750
606 637
607 801
609 733
609 840
610 671
610 810
611 686
611 766
612 633
612 634
612 658
612 704
614 630
614 817
614 834
615 823
615 837
617 625
617 661
617 666
617 676
617 805
617 836
618 702
619 717
620 810
621 724
622 655
622 745
622 853
622 865
623 682
623 847
624 627
624 740
624 750
626 832
627 781
628 821
629 692
630 682
631 763
633 792
634 693
634 695
634 817
634 831
636 807
637 781
638 743
639 682
639 792
640 668
640 835
641 716
641 815
642 732
642 798
642 858
643 650
643 754
643 763
645 697
645 704
646 752
646 836
646 847
647 774
647 829
647 850
648 654
649 673
650 653
651 730
651 745
651 769
651 833
651 853
653 654
653 656
653 708
653 790
653 806
653 864
654 811
654 812
656 725
656 743
657 758
657 764
658 791
660 813
661 676
661 703
662 787
662 824
663 827
663 836
664 784
665 746
666 717
666 813
666 819
667 832
668 695
669 690
670 675
670 705
670 735
671 744
672 773
673 704
673 817
675 680
675 691
675 692
675 804
675 851
675 853
677 765
677 851
678 705
679 776
679 854
680 819
680 836
681 816
682 863
683 701
683 796
683 836
684 756
684 854
685 732
685 815
685 834
688 747
688 838
693 843
693 851
694 739
699 712
699 791
699 857
701 786
701 787
702 828
703 768
704 848
705 831
706 728
706 856
707 735
707 794
708 741
708 761
709 716
709 752
709 782
710 764
710 849
711 815
711 816
712 860
713 761
713 863
714 797
715 846
715 861
717 765
717 813
718 739
719 734
719 736
720 729
722 748
723 767
723 825
724 761
727 728
727 829
728 815
734 784
735 755
735 757
735 780
736 793
739 778
740 793
740 806
741 782
745 805
745 820
747 760
747 835
749 796
749 829
758 861
759 859
759 863
761 847
763 816
764 786
768 819
771 794
773 844
774 803
779 835
780 801
781 803
784 816
786 864
790 839
792 845
795 858
796 812
796 835
805 833
806 859
809 814
812 851
814 846
815 835
816 828
818 850
821 839
824 864
830 832
832 856
833 859
838 855
839 843
842 864
845 854
845 856
854 865
866 486
866 867
866 868
866 869
867 631
867 868
867 869
868 765
868 869
869 502
